
Last position-specific scoring matrix computed, weighted observed percentages rounded down, information per position, and relative weight of gapless real matches to pseudocounts
           A  R  N  D  C  Q  E  G  H  I  L  K  M  F  P  S  T  W  Y  V   A   R   N   D   C   Q   E   G   H   I   L   K   M   F   P   S   T   W   Y   V
    1 L   -1 -2 -3 -3 -1 -2 -3 -3 -3  1  4 -2  2  0 -3 -2 -1 -2 -1  1    0   0   0   0   0   0   0   0   0   0   0   0   0   0   0   0   0   0   0   0  0.00     0.00
    2 R   -2  6 -1 -2 -4  1  0 -3  0 -3 -2  2 -2 -3 -2 -1 -1 -3 -2 -3    0 100   0   0   0   0   0   0   0   0   0   0   0   0   0   0   0   0   0   0  0.87 0.03
    3 N   -1 -2  0 -3 -2 -2 -3 -3 -3  3  2 -2  3  0 -3 -2 -1 -2 -1  2    0   0   8   0   0   0   0   0   0  57  16   0  20   0   0   0   0   0   0   0  0.28 0.01
    4 H   -2 -1  0 -1 -3  0  0 -2  9 -4 -3 -1 -2 -2 -3 -1 -2 -3  1 -4    0   0   0   0   0   0   0   0 100   0   0   0   0   0   0   0   0   0   0   0  1.14 0.05
    5 S    0 -1  2 -1 -1  0 -1 -1 -1 -2 -2  1 -1 -3 -1  3  4 -3 -2 -1    0   0  10   0   0   0   0   0   0   0   0   9   0   0   0  32  49   0   0   0  0.36 0.02
    6 G    0  1 -1 -2 -3 -2 -2  6 -2 -4 -4 -1 -3 -3 -2 -1 -2 -3 -3 -3    0  12   0   0   0   0   0  88   0   0   0   0   0   0   0   0   0   0   0   0  0.94 0.03
    7 E   -1  0 -1  1 -4  2  6 -2  0 -4 -3  1 -2 -4 -1  0 -1 -3 -2 -3    0   0   0   0   0   0 100   0   0   0   0   0   0   0   0   0   0   0   0   0  0.85 0.04
    8 K   -1  2  0 -1 -3  1  2 -2 -1 -3 -3  5 -2 -3 -1  0 -1 -3 -2 -3    0   6   0   0   0   0   9   0   0   0   0  85   0   0   0   0   0   0   0   0  0.57 0.03
    9 P   -1 -2 -2 -2 -3 -2 -1 -3 -3 -3 -3 -1 -3 -4  8 -1 -1 -4 -3 -3    0   0   0   0   0   0   0   0   0   0   0   0   0   0 100   0   0   0   0   0  2.15 0.04
   10 Y   -2 -2 -2 -3 -3 -2 -2 -3  3 -2 -1 -2 -1  3 -3 -2 -2  2  7 -2    0   0   0   0   0   0   0   0   9   0   0   0   0   7   0   0   0   0  84   0  0.91 0.04
   11 K    0  1  0  0 -3  1  3  0 -1 -3 -3  4 -2 -3 -1  0 -1 -3 -2 -2    6   0   0   0   0   0  26   8   0   0   0  61   0   0   0   0   0   0   0   0  0.42 0.02
   12 C   -1 -4 -3 -4  9 -3 -4 -3 -3 -2 -2 -3 -2 -3 -3 -1 -1 -3 -3 -1    0   0   0   0 100   0   0   0   0   0   0   0   0   0   0   0   0   0   0   0  1.52 0.05
   13 N   -1  1  4  2 -2  0  0 -1  0 -3 -3  1 -2 -3 -2  1  1 -4 -2 -2    0   6  38  16   0   0   0   0   0   0   0  16   0   0   0  13  12   0   0   0  0.37 0.01
   14 E   -1  0  0  2 -4  2  5 -2  0 -3 -3  2 -2 -4 -1  0 -1 -3 -2 -3    0   0   0   8   0   0  78   0   0   0   0  14   0   0   0   0   0   0   0   0  0.68 0.03
   15 C   -1 -4 -3 -4  9 -3 -4 -3 -3 -2 -2 -3 -2 -3 -3 -1 -1 -3 -3 -1    0   0   0   0 100   0   0   0   0   0   0   0   0   0   0   0   0   0   0   0  1.52 0.05

                      K         Lambda
Standard Ungapped    0.1348     0.3150
Standard Gapped      0.0410     0.2670
PSI Ungapped         0.1348     0.3150
PSI Gapped           0.0410     0.2670
