
Last position-specific scoring matrix computed, weighted observed percentages rounded down, information per position, and relative weight of gapless real matches to pseudocounts
            A   R   N   D   C   Q   E   G   H   I   L   K   M   F   P   S   T   W   Y   V   A   R   N   D   C   Q   E   G   H   I   L   K   M   F   P   S   T   W   Y   V
    1 Q    -1   3   0   0  -3   5   2  -2   0  -3  -2   2  -1  -3  -2   0  -1  -2  -2  -3    0  15   0   0   0  63   8   0   0   0   0  14   0   0   0   0   0   0   0   0  0.57 0.02
    2 R    -2   6  -1  -2  -4   1   0  -3   0  -3  -2   2  -2  -3  -2  -1  -1  -3  -2  -3    0 100   0   0   0   0   0   0   0   0   0   0   0   0   0   0   0   0   0   0  0.84 0.03
    3 L    -1  -3  -1  -3  -1  -2  -3  -3  -3   3   2  -2   2   0  -3  -2  -1  -2  -1   2    0   0   6   0   0   0   0   0   0  59  22   0  12   0   0   0   0   0   0   0  0.29 0.01
    4 H    -2   0   0  -1  -3   0   0  -2   8  -4  -3  -1  -2  -2  -2  -1  -2  -3   2  -3    0   0   0   0   0   0   0   0 100   0   0   0   0   0   0   0   0   0   0   0  1.06 0.04
    5 N     0  -1   1  -1  -1   0   0  -1  -1  -2  -2   1  -1  -3  -1   3   4  -3  -2  -1    0   0   9   0   0   0   0   0   0   0   0   9   0   0   0  34  48   0   0   0  0.35 0.02
    6 G     0   1  -1  -2  -3  -1  -2   6  -2  -4  -4  -1  -3  -3  -2   0  -2  -3  -3  -3    0  14   0   0   0   0   0  86   0   0   0   0   0   0   0   0   0   0   0   0  0.87 0.02
    7 E    -1   0   0   1  -4   2   5  -2   0  -4  -3   1  -2  -4  -1   0  -1  -3  -2  -3    0   0   0   0   0   0 100   0   0   0   0   0   0   0   0   0   0   0   0   0  0.82 0.03
    8 K    -1   2   0  -1  -3   1   2  -2  -1  -3  -3   5  -2  -3  -1   0  -1  -3  -2  -3    0   7   0   0   0   0   9   0   0   0   0  85   0   0   0   0   0   0   0   0  0.54 0.02
    9 P    -1  -2  -2  -2  -3  -1  -1  -2  -2  -3  -3  -1  -2  -4   7   0   0  -4  -3  -2    0   0   0   0   0   0   0   0   0   0   0   0   0   0  84   9   7   0   0   0  1.67 0.03
   10 Y    -2  -2  -2  -3  -3  -2  -2  -3   3  -2  -1  -2  -1   3  -3  -2  -2   2   7  -2    0   0   0   0   0   0   0   0   6   0   0   0   0   7   0   0   0   0  87   0  0.89 0.03
   11 E     0   1   0   0  -3   1   3   0  -1  -3  -3   4  -2  -3  -1   0  -1  -3  -2  -2    6   0   0   0   0   0  29   6   0   0   0  60   0   0   0   0   0   0   0   0  0.42 0.02
   12 C    -1  -4  -3  -4   9  -3  -4  -3  -3  -2  -2  -3  -2  -3  -3  -1  -1  -3  -3  -1    0   0   0   0 100   0   0   0   0   0   0   0   0   0   0   0   0   0   0   0  1.43 0.04
   13 N    -1   1   4   2  -3   0   0  -1   2  -3  -3   1  -2  -3  -2   1   0  -4  -2  -3    0   5  39  16   0   0   0   0   9   0   0  13   0   0   0  12   6   0   0   0  0.38 0.02
   14 E    -1   0   0   3  -3   1   5  -2  -1  -2  -3   1  -2  -3  -1   0  -1  -3  -2  -1    0   0   0  15   0   0  71   0   0   0   0   5   0   0   0   0   0   0   0   9  0.57 0.03
   15 C    -1  -4  -3  -4  10  -3  -4  -3  -3  -2  -2  -4  -2  -3  -3  -1  -1  -3  -3  -1    0   0   0   0 100   0   0   0   0   0   0   0   0   0   0   0   0   0   0   0  1.55 0.06

                      K         Lambda
Standard Ungapped    0.1367     0.3150
Standard Gapped      0.0410     0.2670
PSI Ungapped         0.1367     0.3150
PSI Gapped           0.0410     0.2670
