
Last position-specific scoring matrix computed, weighted observed percentages rounded down, information per position, and relative weight of gapless real matches to pseudocounts
           A  R  N  D  C  Q  E  G  H  I  L  K  M  F  P  S  T  W  Y  V   A   R   N   D   C   Q   E   G   H   I   L   K   M   F   P   S   T   W   Y   V
    1 H   -2 -1  0 -2 -3  0  0 -2  9 -4 -3 -1 -2 -2 -3 -1 -2 -3  1 -4    0   0   0   0   0   0   0   0 100   0   0   0   0   0   0   0   0   0   0   0  1.18 0.06
    2 T    0 -1  2 -1 -1 -1 -1 -1 -1 -2 -2 -1 -1 -3 -1  3  4 -3 -2 -1    0   0  10   0   0   0   0   0   0   0   0   0   0   0   0  34  57   0   0   0  0.42 0.03
    3 G    1  1 -1 -1 -3  1 -1  5 -2 -3 -3 -1 -2 -3 -2  0 -1 -3 -3 -3   10  12   0   0   0  10   0  67   0   0   0   0   0   0   0   0   0   0   0   0  0.64 0.03
    4 E   -1  0 -1  1 -4  2  6 -2  0 -4 -3  1 -2 -4 -1  0 -1 -3 -2 -3    0   0   0   0   0   0 100   0   0   0   0   0   0   0   0   0   0   0   0   0  0.89 0.05
    5 K   -1  2  1 -1 -3  1  0 -2 -1 -3 -3  5 -2 -3 -1  0 -1 -3 -2 -3    0   6  10   0   0   0   0   0   0   0   0  84   0   0   0   0   0   0   0   0  0.57 0.04
    6 P    0 -2 -2 -2 -3 -1 -1 -2 -2 -3 -3 -1 -3 -4  7  0 -1 -4 -3 -2   10   0   0   0   0   0   0   0   0   0   0   0   0   0  82   8   0   0   0   0  1.65 0.05
    7 Y   -2 -2 -2 -3 -3 -2 -2 -3  3 -2 -1 -2 -1  3 -3 -2 -2  2  7 -2    0   0   0   0   0   0   0   0  10   0   0   0   0   6   0   0   0   0  83   0  0.94 0.06
    8 K    0  1  0  0 -3  1  2  0 -1 -3 -3  4 -2 -3 -1  0 -1 -3 -2 -2    5   0   0   0   0   0  22   6   0   0   0  66   0   0   0   0   0   0   0   0  0.45 0.03
    9 C   -1 -4 -3 -4  9 -3 -4 -3 -4 -2 -2 -4 -2 -3 -3 -1 -1 -3 -3 -1    0   0   0   0 100   0   0   0   0   0   0   0   0   0   0   0   0   0   0   0  1.60 0.07
   10 K   -1  1  3  2 -3  0  1 -1  0 -3 -3  2 -2 -3 -2  1  0 -3 -2 -3    0   4  32  14   0   0  10   0   0   0   0  23   0   0   0  12   5   0   0   0  0.37 0.02
   11 E   -1  0  0  3 -4  1  5 -2 -1 -3 -3  1 -2 -4 -1  0 -1 -3 -3 -3    0   0   0  24   0   0  70   0   0   0   0   6   0   0   0   0   0   0   0   0  0.71 0.04
   12 C   -1 -4 -3 -4  9 -3 -4 -3 -4 -2 -2 -4 -2 -3 -3 -1 -1 -3 -3 -1    0   0   0   0 100   0   0   0   0   0   0   0   0   0   0   0   0   0   0   0  1.60 0.07
   13 G    0 -3 -1 -1 -3 -2 -2  6 -2 -4 -4 -2 -3 -3 -2  0 -2 -3 -3 -3    0   0   0   0   0   0   0 100   0   0   0   0   0   0   0   0   0   0   0   0  1.10 0.02
   14 K   -1  2  0 -1 -3  1  1 -2 -1 -3 -3  5 -2 -3 -1  0 -1 -3 -2 -2    0   0   0   0   0   0   0   0   0   0   0 100   0   0   0   0   0   0   0   0  0.59 0.02
   15 G    3 -2 -1 -2 -1 -1 -1  4 -2 -2 -2 -1 -2 -3 -1  1 -1 -3 -2 -1   56   0   0   0   0   0   0  44   0   0   0   0   0   0   0   0   0   0   0   0  0.48 0.00

                      K         Lambda
Standard Ungapped    0.1397     0.3119
Standard Gapped      0.0410     0.2670
PSI Ungapped         0.1397     0.3119
PSI Gapped           0.0410     0.2670
