
Last position-specific scoring matrix computed, weighted observed percentages rounded down, information per position, and relative weight of gapless real matches to pseudocounts
            A   R   N   D   C   Q   E   G   H   I   L   K   M   F   P   S   T   W   Y   V   A   R   N   D   C   Q   E   G   H   I   L   K   M   F   P   S   T   W   Y   V
    1 H    -2   0   0  -1  -3   0   0  -2   8  -4  -3  -1  -2  -2  -3  -1  -2  -3   2  -4    0   0   0   0   0   0   0   0 100   0   0   0   0   0   0   0   0   0   0   0  1.02 0.03
    2 S     1  -1   0  -1  -1   0  -1  -1  -1  -2  -2  -1  -1  -3  -1   3   4  -3  -2  -1    0   0   0   0   0   0   0   0   0   0   0   0   0   0   0  52  48   0   0   0  0.42 0.01
    3 R     1   2  -1  -1  -3   1  -1   4  -1  -3  -3   0  -2  -3  -2   0  -1  -3  -3  -3   11  19   0   0   0  14   0  57   0   0   0   0   0   0   0   0   0   0   0   0  0.51 0.01
    4 E    -1   0   0   2  -4   2   5  -2   0  -4  -3   1  -2  -4  -1   0  -1  -3  -2  -3    0   0   0   0   0   0 100   0   0   0   0   0   0   0   0   0   0   0   0   0  0.79 0.02
    5 K    -1   3   1  -1  -3   1   1  -2  -1  -3  -3   5  -2  -3  -1   0  -1  -3  -2  -3    0   9   9   0   0   0   0   0   0   0   0  82   0   0   0   0   0   0   0   0  0.50 0.01
    6 P     1  -2  -2  -2  -2  -1  -1  -2  -2  -3  -3  -1  -2  -4   7   1  -1  -4  -3  -2   13   0   0   0   0   0   0   0   0   0   0   0   0   0  76  11   0   0   0   0  1.44 0.02
    7 Y    -2  -2  -2  -3  -3  -1  -2  -3   4  -2  -1  -2  -1   3  -3  -2  -2   2   7  -2    0   0   0   0   0   0   0   0  11   0   0   0   0   0   0   0   0   0  89   0  0.86 0.02
    8 K    -1   2   0  -1  -3   1   1  -2  -1  -3  -3   5  -2  -3  -1   0  -1  -3  -2  -3    0   0   0   0   0   0   0   0   0   0   0 100   0   0   0   0   0   0   0   0  0.57 0.02
    9 C    -1  -4  -3  -4  10  -3  -4  -3  -3  -1  -2  -3  -2  -3  -3  -1  -1  -3  -3  -1    0   0   0   0 100   0   0   0   0   0   0   0   0   0   0   0   0   0   0   0  1.36 0.03
   10 T    -1   1   4   2  -3   1   2  -1   0  -3  -3   2  -2  -3  -2   0   0  -4  -2  -3    0   0  37  12   0   0  13   0   0   0   0  31   0   0   0   0   7   0   0   0  0.39 0.01
   11 E    -1  -1   0   4  -4   1   5  -2   0  -4  -3   0  -2  -4  -1   0  -1  -3  -2  -3    0   0   0  24   0   0  76   0   0   0   0   0   0   0   0   0   0   0   0   0  0.70 0.01
   12 C    -1  -4  -3  -4  10  -3  -4  -3  -3  -1  -2  -3  -2  -3  -3  -1  -1  -3  -3  -1    0   0   0   0 100   0   0   0   0   0   0   0   0   0   0   0   0   0   0   0  1.36 0.03
   13 G     0  -3  -1  -1  -3  -2  -2   6  -2  -4  -4  -2  -3  -3  -2   0  -2  -3  -3  -3    0   0   0   0   0   0   0 100   0   0   0   0   0   0   0   0   0   0   0   0  1.07 0.01
   14 K    -1   2   0  -1  -3   1   1  -2  -1  -3  -3   5  -2  -3  -1   0  -1  -3  -2  -3    0   0   0   0   0   0   0   0   0   0   0 100   0   0   0   0   0   0   0   0  0.55 0.01
   15 A     2  -2  -1  -2  -1  -2  -2   3  -2   0  -1  -2  -1  -2  -2   0   1  -3  -2   2   30   0   0   0   0   0   0  27   0   0   0   0   0   0   0   0  10   0   0  33  0.21 0.01

                      K         Lambda
Standard Ungapped    0.1290     0.3141
Standard Gapped      0.0410     0.2670
PSI Ungapped         0.1290     0.3141
PSI Gapped           0.0410     0.2670
