
Last position-specific scoring matrix computed, weighted observed percentages rounded down, information per position, and relative weight of gapless real matches to pseudocounts
            A   R   N   D   C   Q   E   G   H   I   L   K   M   F   P   S   T   W   Y   V   A   R   N   D   C   Q   E   G   H   I   L   K   M   F   P   S   T   W   Y   V
    1 Y    -2  -2  -2  -4  -3  -2  -2  -3   2  -2  -1  -2  -1   3  -3  -2  -2   2   8  -1    0   0   0   0   0   0   0   0   0   0   0   0   0   0   0   0   0   0 100   0  0.91 0.01
    2 E    -1   1   0   1  -4   2   4  -2   0  -3  -3   3  -2  -4  -1   0  -1  -3  -2  -3    0   0   0   0   0   0  56   0   0   0   0  44   0   0   0   0   0   0   0   0  0.53 0.01
    3 C    -1  -4  -3  -4  10  -3  -4  -3  -3  -1  -2  -3  -2  -3  -3  -1  -1  -3  -3  -1    0   0   0   0 100   0   0   0   0   0   0   0   0   0   0   0   0   0   0   0  1.28 0.01
    4 N    -2   3   4   3  -3   1   0  -1   0  -3  -3   2  -2  -3  -2   0  -1  -4  -2  -3    0  21  40  19   0   0   0   0   0   0   0  20   0   0   0   0   0   0   0   0  0.43 0.00
    5 E    -1   1   0   1  -4   2   5  -2   0  -3  -3   2  -2  -4  -1   0  -1  -3  -2  -3    0   0   0   0   0   0  77   0   0   0   0  23   0   0   0   0   0   0   0   0  0.61 0.01
    6 C    -1  -4  -3  -4  10  -3  -4  -3  -3  -1  -2  -3  -2  -3  -3  -1  -1  -3  -3  -1    0   0   0   0 100   0   0   0   0   0   0   0   0   0   0   0   0   0   0   0  1.28 0.01
    7 G     0  -1   0  -1  -3   2  -1   5  -1  -4  -4  -1  -2  -4  -2   0  -2  -3  -3  -3    0   0   0   0   0  23   0  77   0   0   0   0   0   0   0   0   0   0   0   0  0.74 0.01
    8 K    -1   2   0  -1  -3   1   1  -2  -1  -3  -3   5  -2  -4  -1   0  -1  -3  -2  -3    0   0   0   0   0   0   0   0   0   0   0 100   0   0   0   0   0   0   0   0  0.54 0.01
    9 V     2  -2  -2  -3   5  -2  -2  -2  -3   1   0  -2   0  -2  -2   0   2  -3  -2   2   23   0   0   0  19   0   0   0   0   0   0   0   0   0   0   0  21   0   0  37  0.22 0.00
   10 F    -3  -3  -3  -4  -3  -4  -4  -4  -1   0   0  -4   0   7  -4  -3  -2   1   3  -1    0   0   0   0   0   0   0   0   0   0   0   0   0 100   0   0   0   0   0   0  0.78 0.01
   11 I    -2  -3  -4  -4  -1  -3  -4  -4  -4   5   2  -3   1   0  -3  -3  -1  -3  -2   3    0   0   0   0   0   0   0   0   0 100   0   0   0   0   0   0   0   0   0   0  0.42 0.01
   12 L    -2   2  -3  -3  -2  -1  -2  -3  -2   1   3  -1   3   0  -3  -2  -1  -2  -1   0    0  20   0   0   0   0   0   0   0   0  59   0  21   0   0   0   0   0   0   0  0.27 0.00
   13 K     0   1   0  -1  -2   1   0  -1  -1  -3  -3   4  -2  -3  -1   2   0  -3  -2  -2    0   0   0   0   0   0   0   0   0   0   0  59   0   0   0  41   0   0   0   0  0.36 0.01
   14 K    -1   2   0  -1  -3   1   1  -2  -1  -3  -3   5  -2  -4  -1   0  -1  -3  -2  -3    0   0   0   0   0   0   0   0   0   0   0 100   0   0   0   0   0   0   0   0  0.54 0.01
   15 S     1  -1   1   0  -1   0   0   0  -1  -3  -3   0  -2  -3  -1   4   1  -3  -2  -2    0   0   0   0   0   0   0   0   0   0   0   0   0   0   0 100   0   0   0   0  0.48 0.01

                      K         Lambda
Standard Ungapped    0.1410     0.3232
Standard Gapped      0.0410     0.2670
PSI Ungapped         0.1410     0.3232
PSI Gapped           0.0410     0.2670
