
Last position-specific scoring matrix computed, weighted observed percentages rounded down, information per position, and relative weight of gapless real matches to pseudocounts
           A  R  N  D  C  Q  E  G  H  I  L  K  M  F  P  S  T  W  Y  V   A   R   N   D   C   Q   E   G   H   I   L   K   M   F   P   S   T   W   Y   V
    1 F   -2 -3 -3 -4 -3 -3 -3 -3  0 -1  0 -3  0  6 -4 -2 -2  1  5 -1    0   0   0   0   0   0   0   0   0   0   0   0   0  72   0   0   0   0  28   0  0.71 0.01
    2 S    1 -1  1  0 -1  0  0  0 -1 -3 -3  0 -2 -3 -1  4  1 -3 -2 -2    0   0   0   0   0   0   0   0   0   0   0   0   0   0   0 100   0   0   0   0  0.48 0.01
    3 N   -2 -1  6  1 -3  0  0 -1  1 -4 -4  0 -2 -3 -2  1  0 -4 -2 -3    0   0 100   0   0   0   0   0   0   0   0   0   0   0   0   0   0   0   0   0  0.76 0.01
    4 L   -1  3 -2 -3 -2 -1 -2 -3 -2  0  2  0  1 -1  4 -2 -1 -3 -2 -1    0  28   0   0   0   0   0   0   0   0  47   0   0   0  25   0   0   0   0   0  0.37 0.00
    5 M   -1 -2 -2 -3 -2 -1 -2 -3 -2  1  2 -2  6  0 -3 -2 -1 -2 -1  1    0   0   0   0   0   0   0   0   0   0   0   0 100   0   0   0   0   0   0   0  0.40 0.01
    6 A    4 -1 -1 -1 -1 -1 -1  0 -2 -2 -2 -1 -1 -3 -1  2  0 -3 -2 -1   75   0   0   0   0   0   0   0   0   0   0   0   0   0   0  25   0   0   0   0  0.37 0.01
    7 L   -2 -2 -4 -4 -1 -2 -3 -4 -3  2  4 -3  2  0 -3 -3 -1 -2 -1  1    0   0   0   0   0   0   0   0   0   0 100   0   0   0   0   0   0   0   0   0  0.47 0.01
    8 K   -1  2  0 -1 -3  1  1 -2 -1 -3 -3  5 -2 -3 -1  0 -1 -3 -2 -3    0   0   0   0   0   0   0   0   0   0   0 100   0   0   0   0   0   0   0   0  0.54 0.01
    9 N   -1 -1  5  4 -3  0  0 -1  0 -3 -4  0 -2 -3 -2  2  0 -4 -2 -3    0   0  47  28   0   0   0   0   0   0   0   0   0   0   0  25   0   0   0   0  0.50 0.00
   10 H   -2  0  1 -1 -3  0  0 -2  9 -4 -3 -1 -2 -1 -2 -1 -2 -3  2 -4    0   0   0   0   0   0   0   0 100   0   0   0   0   0   0   0   0   0   0   0  0.93 0.01
   11 S    0  3  0 -1 -2  3  0 -2  0 -1 -1  1  3 -2 -2  1  0 -2 -2 -1    0  25   0   0   0  28   0   0   0   0   0   0  25   0   0  22   0   0   0   0  0.24 0.00
   12 R   -2  6 -1 -2 -4  1  0 -3  0 -3 -2  2 -2 -3 -2 -1 -1 -3 -2 -3    0 100   0   0   0   0   0   0   0   0   0   0   0   0   0   0   0   0   0   0  0.78 0.01
   13 L   -1 -2 -2 -3 -1 -2 -3 -3 -3  2  3 -2  1  0 -3 -1  2 -2 -1  1    0   0   0   0   0   0   0   0   0  25  50   0   0   0   0   0  25   0   0   0  0.25 0.00
   14 H   -2  0  1 -1 -3  0  0 -2  9 -4 -3 -1 -2 -1 -2 -1 -2 -3  2 -4    0   0   0   0   0   0   0   0 100   0   0   0   0   0   0   0   0   0   0   0  0.93 0.01
   15 A    4 -1 -1 -1 -1 -1 -1  0 -2 -2 -2 -1 -1 -3 -1  2  0 -3 -2 -1   72   0   0   0   0   0   0   0   0   0   0   0   0   0   0  28   0   0   0   0  0.36 0.01

                      K         Lambda
Standard Ungapped    0.1271     0.3268
Standard Gapped      0.0410     0.2670
PSI Ungapped         0.1271     0.3268
PSI Gapped           0.0410     0.2670
