
Last position-specific scoring matrix computed, weighted observed percentages rounded down, information per position, and relative weight of gapless real matches to pseudocounts
           A  R  N  D  C  Q  E  G  H  I  L  K  M  F  P  S  T  W  Y  V   A   R   N   D   C   Q   E   G   H   I   L   K   M   F   P   S   T   W   Y   V
    1 H   -2 -1  0 -2 -4  0 -1 -3  9 -4 -3 -1 -2 -2 -3 -1 -2 -3  1 -4    0   0   0   0   0   0   0   0 100   0   0   0   0   0   0   0   0   0   0   0  1.25 0.08
    2 S    0 -1  1 -1 -1  0 -1 -1 -1 -2 -2  0 -1 -3 -1  3  4 -3 -2 -1    0   0   8   0   0   0   0   0   0   0   0   8   0   0   0  30  54   0   0   0  0.39 0.03
    3 G    0  1 -1 -1 -3  1 -1  5 -2 -4 -3  0 -2 -3 -2  0 -2 -3 -3 -3    7  14   0   0   0  10   0  69   0   0   0   0   0   0   0   0   0   0   0   0  0.68 0.03
    4 E   -1  0 -1  1 -4  2  6 -3  0 -4 -3  0 -2 -4 -1  0 -1 -3 -2 -3    0   0   0   0   0   0 100   0   0   0   0   0   0   0   0   0   0   0   0   0  0.91 0.06
    5 K   -1  2  1 -1 -3  1  1 -2 -1 -3 -3  5 -2 -3 -1  0 -1 -3 -2 -3    0   5   7   0   0   0   6   0   0   0   0  82   0   0   0   0   0   0   0   0  0.57 0.05
    6 P    0 -2 -2 -2 -3 -1 -1 -2 -2 -3 -3 -1 -3 -4  7  0 -1 -4 -3 -2   10   0   0   0   0   0   0   0   0   0   0   0   0   0  83   7   0   0   0   0  1.68 0.06
    7 Y   -2 -2 -2 -3 -3 -2 -2 -3  3 -2 -1 -2 -1  3 -3 -2 -2  2  7 -2    0   0   0   0   0   0   0   0  10   0   0   0   0   6   0   0   0   0  84   0  0.98 0.06
    8 K    0  1  0  0 -3  1  2  0 -1 -3 -3  4 -2 -3 -1  0 -1 -3 -2 -2    5   0   0   0   0   0  20   6   0   0   0  70   0   0   0   0   0   0   0   0  0.47 0.04
    9 C   -1 -4 -3 -4  9 -3 -4 -3 -4 -2 -2 -4 -2 -3 -3 -1 -1 -3 -3 -1    0   0   0   0 100   0   0   0   0   0   0   0   0   0   0   0   0   0   0   0  1.64 0.08
   10 N   -1  1  3  2 -3  0  1 -1  0 -3 -3  2 -2 -3 -2  1  1 -3 -2 -2    0   4  33  12   0   0  10   0   0   0   0  23   0   0   0  11   7   0   0   0  0.36 0.02
   11 E   -1  0  0  3 -4  1  5 -2 -1 -3 -3  1 -2 -4 -1  0 -1 -3 -3 -3    0   0   0  23   0   0  67   0   0   0   0  10   0   0   0   0   0   0   0   0  0.69 0.04
   12 C   -1 -4 -3 -4  9 -3 -4 -3 -4 -2 -2 -4 -2 -3 -3 -1 -1 -3 -3 -1    0   0   0   0 100   0   0   0   0   0   0   0   0   0   0   0   0   0   0   0  1.64 0.08
   13 G    0 -2 -1 -1 -3  1 -1  5 -2 -4 -4 -1 -2 -3 -2  0 -2 -3 -3 -3    0   0   0   0   0  13   0  87   0   0   0   0   0   0   0   0   0   0   0   0  0.90 0.02
   14 K   -1  2  0 -1 -3  1  1 -2 -1 -3 -3  5 -2 -3 -1  0 -1 -3 -2 -3    0   0   0   0   0   0   0   0   0   0   0 100   0   0   0   0   0   0   0   0  0.61 0.03
   15 A    2 -2 -1 -2 -1 -1 -2  3 -2  0 -1 -1 -1 -2 -2  0  1 -3 -2  1   39   0   0   0   0   0   0  26   0   0   0   0   0   0   0   0   8   0   0  27  0.24 0.01

                      K         Lambda
Standard Ungapped    0.1318     0.3099
Standard Gapped      0.0410     0.2670
PSI Ungapped         0.1318     0.3099
PSI Gapped           0.0410     0.2670
