
Last position-specific scoring matrix computed, weighted observed percentages rounded down, information per position, and relative weight of gapless real matches to pseudocounts
           A  R  N  D  C  Q  E  G  H  I  L  K  M  F  P  S  T  W  Y  V   A   R   N   D   C   Q   E   G   H   I   L   K   M   F   P   S   T   W   Y   V
    1 G    0 -3  0 -2 -3 -2 -2  6 -2 -4 -4 -2 -3 -4 -2  0 -2 -3 -4 -4    0   0   0   0   0   0   0 100   0   0   0   0   0   0   0   0   0   0   0   0  1.04 0.00
    2 K   -1  2  0 -1 -4  1  1 -2 -1 -3 -3  5 -2 -4 -1  0 -1 -3 -2 -3    0   0   0   0   0   0   0   0   0   0   0 100   0   0   0   0   0   0   0   0  0.51 0.00
    3 V    0 -3 -3 -4 -1 -3 -3 -4 -4  3  1 -3  1 -1 -3 -2  0 -3 -1  4    0   0   0   0   0   0   0   0   0   0   0   0   0   0   0   0   0   0   0 100  0.34 0.00
    4 F   -3 -3 -4 -4 -3 -4 -4 -4 -1  0  0 -4  0  7 -4 -3 -2  1  3 -1    0   0   0   0   0   0   0   0   0   0   0   0   0 100   0   0   0   0   0   0  0.73 0.00
    5 I   -2 -3 -4 -4 -1 -3 -4 -4 -4  5  2 -3  1  0 -3 -3 -1 -3 -2  3    0   0   0   0   0   0   0   0   0 100   0   0   0   0   0   0   0   0   0   0  0.39 0.00
    6 R   -2  3 -2 -3 -2 -1 -2 -4 -2  1  3  0  1  0 -3 -2 -1 -2 -1  0    0  37   0   0   0   0   0   0   0   0  63   0   0   0   0   0   0   0   0   0  0.27 0.01
    7 S    0  2  0 -1 -2  1  1 -1 -1 -3 -3  4 -2 -3 -1  2  0 -3 -2 -2    0   0   0   0   0   0   0   0   0   0   0  63   0   0   0  37   0   0   0   0  0.36 0.01
    8 K   -1  2  0 -1 -4  1  1 -2 -1 -3 -3  5 -2 -4 -1  0 -1 -3 -2 -3    0   0   0   0   0   0   0   0   0   0   0 100   0   0   0   0   0   0   0   0  0.51 0.00
    9 S    1 -1  1  0 -1  0  0  0 -1 -3 -3  0 -2 -3 -1  5  2 -3 -2 -2    0   0   0   0   0   0   0   0   0   0   0   0   0   0   0 100   0   0   0   0  0.45 0.00
   10 L   -2 -3 -4 -4 -1 -2 -3 -4 -3  2  4 -3  2  0 -3 -3 -1 -2 -1  1    0   0   0   0   0   0   0   0   0   0 100   0   0   0   0   0   0   0   0   0  0.45 0.00
   11 L   -2 -3 -4 -4 -1 -3 -4 -4 -4  4  3 -3  2  0 -3 -3 -1 -3 -1  2    0   0   0   0   0   0   0   0   0  63  37   0   0   0   0   0   0   0   0   0  0.36 0.01
   12 L   -2 -3 -4 -4 -1 -2 -3 -4 -3  2  4 -3  2  0 -3 -3 -1 -2 -1  1    0   0   0   0   0   0   0   0   0   0 100   0   0   0   0   0   0   0   0   0  0.45 0.00
   13 H   -2  0  1 -1 -3  1  0 -2  9 -4 -3 -1 -2 -1 -3 -1 -2 -3  2 -4    0   0   0   0   0   0   0   0 100   0   0   0   0   0   0   0   0   0   0   0  0.85 0.00
   14 Q   -1  1  0  0 -3  6  2 -2  1 -3 -2  1  0 -4 -1  0 -1 -2 -2 -3    0   0   0   0   0 100   0   0   0   0   0   0   0   0   0   0   0   0   0   0  0.65 0.00
   15 R   -2  6 -1 -2 -4  1  0 -3  0 -3 -3  2 -2 -3 -2 -1 -1 -3 -2 -3    0 100   0   0   0   0   0   0   0   0   0   0   0   0   0   0   0   0   0   0  0.74 0.00

                      K         Lambda
Standard Ungapped    0.1438     0.3322
Standard Gapped      0.0410     0.2670
PSI Ungapped         0.1438     0.3322
PSI Gapped           0.0410     0.2670
