
Last position-specific scoring matrix computed, weighted observed percentages rounded down, information per position, and relative weight of gapless real matches to pseudocounts
           A  R  N  D  C  Q  E  G  H  I  L  K  M  F  P  S  T  W  Y  V   A   R   N   D   C   Q   E   G   H   I   L   K   M   F   P   S   T   W   Y   V
    1 Q   -1  2  0  0 -3  5  2 -2  0 -3 -3  2 -1 -3 -2  0 -1 -2 -2 -3    0  11   0   0   0  70  10   0   0   0   0   8   0   0   0   0   0   0   0   0  0.60 0.02
    2 R   -2  6 -1 -2 -4  1  0 -3  0 -3 -2  2 -2 -3 -2 -1 -1 -3 -2 -3    0 100   0   0   0   0   0   0   0   0   0   0   0   0   0   0   0   0   0   0  0.86 0.03
    3 I   -1 -3 -3 -4 -1 -3 -3 -4 -3  4  2 -3  2  0 -3 -3 -1 -3 -1  2    0   0   0   0   0   0   0   0   0  71  19   0  10   0   0   0   0   0   0   0  0.39 0.02
    4 H   -2 -1  0 -1 -3  0  0 -2  8 -4 -3 -1 -2 -2 -3 -1 -2 -3  2 -4    0   0   0   0   0   0   0   0 100   0   0   0   0   0   0   0   0   0   0   0  1.08 0.04
    5 S    0 -1  2  0 -1 -1 -1 -1 -1 -2 -2 -1 -1 -3 -1  2  4 -3 -2 -1    0   0  19   0   0   0   0   0   0   0   0   0   0   0   0  28  53   0   0   0  0.39 0.02
    6 G    0 -3 -1 -2 -3 -2 -2  6 -2 -4 -4 -2 -3 -3 -2  0 -2 -3 -3 -3    0   0   0   0   0   0   0 100   0   0   0   0   0   0   0   0   0   0   0   0  1.12 0.02
    7 E   -1  0  0  1 -4  2  6 -2  0 -4 -3  1 -2 -4 -1  0 -1 -3 -2 -3    0   0   0   0   0   0 100   0   0   0   0   0   0   0   0   0   0   0   0   0  0.83 0.03
    8 K   -1  2  0 -1 -3  1  1 -2 -1 -3 -3  5 -2 -3 -1  0 -1 -3 -2 -3    0   0   0   0   0   0   0   0   0   0   0 100   0   0   0   0   0   0   0   0  0.61 0.03
    9 T   -1 -2 -2 -2 -3 -1 -1 -2 -2 -3 -3 -1 -3 -4  8 -1  1 -4 -3 -2    0   0   0   0   0   0   0   0   0   0   0   0   0   0  88   0  12   0   0   0  1.77 0.03
   10 Y   -2 -2 -3 -4 -3 -2 -2 -3  1 -1 -1 -2 -1  4 -3 -2 -2  2  7 -1    0   0   0   0   0   0   0   0   0   0   0   0   0  11   0   0   0   0  89   0  0.94 0.03
   11 E    0  0  0  1 -3  1  4  0 -1 -3 -3  2 -2 -3 -1  0 -1 -3 -2 -2    8   0   0   0   0   0  61   9   0   0   0  22   0   0   0   0   0   0   0   0  0.46 0.02
   12 C   -1 -4 -3 -4  9 -3 -4 -3 -3 -2 -2 -3 -2 -3 -3 -1 -1 -3 -3 -1    0   0   0   0 100   0   0   0   0   0   0   0   0   0   0   0   0   0   0   0  1.45 0.04
   13 H   -1  1  3  3 -3  0  0 -1  3 -3 -3  1 -2 -3 -2  1  0 -4 -1 -3    0  10  25  26   0   0   0   0  12   0   0   8   0   0   0  19   0   0   0   0  0.36 0.01
   14 V   -1  0  0  2 -3  1  4 -2 -1 -2 -2  1 -2 -3 -1  0 -1 -3 -2  0    0   0   0   9   0   0  68   0   0   0   0  10   0   0   0   0   0   0   0  12  0.49 0.02
   15 C   -1 -4 -3 -4  9 -3 -4 -3 -3 -2 -2 -3 -2 -3 -3 -1 -1 -3 -3 -1    0   0   0   0 100   0   0   0   0   0   0   0   0   0   0   0   0   0   0   0  1.45 0.04

                      K         Lambda
Standard Ungapped    0.1345     0.3239
Standard Gapped      0.0410     0.2670
PSI Ungapped         0.1345     0.3239
PSI Gapped           0.0410     0.2670
