
Last position-specific scoring matrix computed, weighted observed percentages rounded down, information per position, and relative weight of gapless real matches to pseudocounts
           A  R  N  D  C  Q  E  G  H  I  L  K  M  F  P  S  T  W  Y  V   A   R   N   D   C   Q   E   G   H   I   L   K   M   F   P   S   T   W   Y   V
    1 Y   -2 -2 -2 -3 -3 -2 -2 -3  2 -1 -1 -2 -1  3 -3 -2 -2  2  7 -1    0   0   0   0   0   0   0   0   0   0   0   0   0   0   0   0   0   0 100   0  0.87 0.00
    2 K   -1  1  0  1 -4  2  4 -2  0 -3 -3  3 -2 -3 -1  0 -1 -3 -2 -3    0   0   0   0   0   0  67   0   0   0   0  33   0   0   0   0   0   0   0   0  0.55 0.00
    3 C    0 -4 -3 -4  9 -3 -4 -3 -3 -1 -1 -3 -2 -3 -3 -1 -1 -3 -3 -1    0   0   0   0 100   0   0   0   0   0   0   0   0   0   0   0   0   0   0   0  1.22 0.00
    4 K   -1  4  3  0 -3  1  0 -1  0 -3 -3  3 -2 -3 -2  0 -1 -3 -2 -3    0  33  33   0   0   0   0   0   0   0   0  33   0   0   0   0   0   0   0   0  0.44 0.00
    5 E   -1  0  0  2 -4  2  5 -2  0 -4 -3  1 -2 -4 -1  0 -1 -3 -2 -3    0   0   0   0   0   0 100   0   0   0   0   0   0   0   0   0   0   0   0   0  0.74 0.00
    6 C    0 -4 -3 -4  9 -3 -4 -3 -3 -1 -1 -3 -2 -3 -3 -1 -1 -3 -3 -1    0   0   0   0 100   0   0   0   0   0   0   0   0   0   0   0   0   0   0   0  1.22 0.00
    7 G    0 -3  0 -1 -3 -2 -2  6 -2 -4 -4 -2 -3 -3 -2  0 -2 -3 -3 -3    0   0   0   0   0   0   0 100   0   0   0   0   0   0   0   0   0   0   0   0  1.04 0.00
    8 K   -1  2  0 -1 -3  1  1 -2 -1 -3 -3  5 -2 -3 -1  0 -1 -3 -2 -3    0   0   0   0   0   0   0   0   0   0   0 100   0   0   0   0   0   0   0   0  0.52 0.00
    9 V    0 -2 -2 -3 -1 -2 -2 -3 -3  2  0 -2  0 -1 -2  0  3 -3 -1  3    0   0   0   0   0   0   0   0   0   0   0   0   0   0   0   0  33   0   0  67  0.25 0.00
   10 F   -2 -3 -3 -4 -3 -4 -4 -3 -1  0  0 -3  0  7 -4 -3 -2  1  3 -1    0   0   0   0   0   0   0   0   0   0   0   0   0 100   0   0   0   0   0   0  0.74 0.00
   11 I   -1 -3 -4 -3 -1 -3 -4 -4 -4  4  2 -3  1  0 -3 -3 -1 -3 -1  3    0   0   0   0   0   0   0   0   0 100   0   0   0   0   0   0   0   0   0   0  0.39 0.00
   12 R   -1  3 -2 -3 -2  0 -2 -3 -1  1  2  0  4 -1 -3 -2 -1 -2 -1  0    0  33   0   0   0   0   0   0   0   0  33   0  33   0   0   0   0   0   0   0  0.23 0.00
   13 S    1  1  0  0 -2  0  0 -1 -1 -3 -3  3 -2 -3 -1  3  1 -3 -2 -2    0   0   0   0   0   0   0   0   0   0   0  33   0   0   0  67   0   0   0   0  0.35 0.00
   14 K   -1  2  0 -1 -3  1  1 -2 -1 -3 -3  5 -2 -3 -1  0 -1 -3 -2 -3    0   0   0   0   0   0   0   0   0   0   0 100   0   0   0   0   0   0   0   0  0.52 0.00
   15 S    1 -1  1  0 -1  0  0  0 -1 -3 -3  0 -2 -3 -1  4  2 -3 -2 -2    0   0   0   0   0   0   0   0   0   0   0   0   0   0   0 100   0   0   0   0  0.46 0.00

                      K         Lambda
Standard Ungapped    0.1374     0.3254
Standard Gapped      0.0410     0.2670
PSI Ungapped         0.1374     0.3254
PSI Gapped           0.0410     0.2670
