
Last position-specific scoring matrix computed, weighted observed percentages rounded down, information per position, and relative weight of gapless real matches to pseudocounts
           A  R  N  D  C  Q  E  G  H  I  L  K  M  F  P  S  T  W  Y  V   A   R   N   D   C   Q   E   G   H   I   L   K   M   F   P   S   T   W   Y   V
    1 Q   -1  1  0 -1 -3  6  2 -2  0 -3 -2  2 -1 -3 -1  0 -1 -2 -2 -2    0   0   0   0   0  87   0   0   0   0   0  13   0   0   0   0   0   0   0   0  0.68 0.03
    2 R   -1  6 -1 -2 -4  1  0 -2  0 -3 -2  3 -2 -3 -2 -1 -1 -3 -2 -3    0  84   0   0   0   0   0   0   0   0   0  16   0   0   0   0   0   0   0   0  0.74 0.02
    3 I   -1 -3 -3 -3 -1 -2 -3 -4 -3  3  3 -2  3  0 -3 -2 -1 -2 -1  2    0   0   0   0   0   0   0   0   0  51  26   0  23   0   0   0   0   0   0   0  0.35 0.01
    4 H   -2 -1  0 -1 -3  0  0 -2  8 -4 -3 -1 -2 -2 -3 -1 -2 -3  2 -4    0   0   0   0   0   0   0   0 100   0   0   0   0   0   0   0   0   0   0   0  1.11 0.04
    5 T    0 -1  2 -1 -1 -1 -1 -1 -1 -1 -2 -1 -1 -2 -1  2  4 -3 -2 -1    0   0  10   0   0   0   0   0   0   0   0   0   0   0   0  18  72   0   0   0  0.44 0.02
    6 R    0  2  0 -1 -3  2 -1  5 -1 -4 -3  0 -2 -3 -2  0 -1 -3 -3 -3    0  20   0   0   0  19   0  61   0   0   0   0   0   0   0   0   0   0   0   0  0.60 0.02
    7 E   -1  0  0  1 -4  2  5 -2  0 -4 -3  1 -2 -4 -1  0 -1 -3 -2 -3    0   0   0   0   0   0 100   0   0   0   0   0   0   0   0   0   0   0   0   0  0.84 0.03
    8 K   -1  2  0 -1 -3  1  1 -2 -1 -3 -3  5 -2 -3 -1  0 -1 -3 -2 -3    0   0   0   0   0   0   0   0   0   0   0 100   0   0   0   0   0   0   0   0  0.63 0.03
    9 S    1 -2 -2 -2 -2 -1 -1 -2 -2 -3 -3 -1 -2 -3  7  1 -1 -4 -3 -2   19   0   0   0   0   0   0   0   0   0   0   0   0   0  71  10   0   0   0   0  1.34 0.02
   10 Y   -2 -2 -2 -3 -3 -2 -2 -3  2 -2 -1 -2 -1  3 -3 -2 -2  2  7 -2    0   0   0   0   0   0   0   0   0   0   0   0   0   0   0   0   0   0 100   0  1.06 0.04
   11 K    0  1  0  0 -3  1  2  0 -1 -3 -3  4 -2 -3 -1  0 -1 -3 -2 -2   10   0   0   0   0   0  20   9   0   0   0  62   0   0   0   0   0   0   0   0  0.38 0.02
   12 C   -1 -4 -3 -4  9 -3 -4 -3 -3 -2 -2 -3 -2 -3 -3 -1 -1 -3 -3 -1    0   0   0   0 100   0   0   0   0   0   0   0   0   0   0   0   0   0   0   0  1.48 0.04
   13 N   -1  0  4  3 -3  0  2 -1  0 -3 -3  1 -2 -3 -2  1  1 -4 -2 -2    0   0  36  18   0   0  19   0   0   0   0   8   0   0   0  10  10   0   0   0  0.41 0.01
   14 D   -1  0  0  4 -4  1  4 -2 -1 -3 -3  1 -3 -4 -1  0 -1 -4 -3 -3    0   0   0  38   0   0  52   0   0   0   0  10   0   0   0   0   0   0   0   0  0.65 0.02
   15 C   -1 -4 -3 -4  9 -3 -4 -3 -3 -2 -2 -3 -2 -3 -3 -1 -1 -3 -3 -1    0   0   0   0 100   0   0   0   0   0   0   0   0   0   0   0   0   0   0   0  1.48 0.04

                      K         Lambda
Standard Ungapped    0.1312     0.3229
Standard Gapped      0.0410     0.2670
PSI Ungapped         0.1312     0.3229
PSI Gapped           0.0410     0.2670
