
Last position-specific scoring matrix computed, weighted observed percentages rounded down, information per position, and relative weight of gapless real matches to pseudocounts
            A   R   N   D   C   Q   E   G   H   I   L   K   M   F   P   S   T   W   Y   V   A   R   N   D   C   Q   E   G   H   I   L   K   M   F   P   S   T   W   Y   V
    1 Q    -1   2   0  -1  -3   5   2  -2   0  -3  -3   2  -1  -3  -2   0  -1  -3  -2  -3    0  12   0   0   0  69   7   0   0   0   0  12   0   0   0   0   0   0   0   0  0.64 0.05
    2 R    -2   6  -1  -2  -4   1   0  -3  -1  -3  -3   3  -2  -3  -2  -1  -1  -3  -2  -3    0  88   0   0   0   0   0   0   0   0   0  12   0   0   0   0   0   0   0   0  0.87 0.06
    3 I    -1  -3  -1  -3  -1  -2  -3  -3  -3   3   2  -2   2   0  -3  -2  -1  -3  -1   2    0   0   5   0   0   0   0   0   0  49  22   0  11   0   0   0   0   0   0  13  0.32 0.03
    4 H    -2  -1   0  -2  -4   0  -1  -3   9  -4  -3  -1  -2  -2  -3  -1  -2  -3   1  -4    0   0   0   0   0   0   0   0 100   0   0   0   0   0   0   0   0   0   0   0  1.28 0.08
    5 T     0  -1   1  -1  -1  -1  -1  -1  -1  -2  -2  -1  -1  -3  -1   3   4  -3  -2  -1    0   0   9   0   0   0   0   0   0   0   0   0   0   0   0  30  61   0   0   0  0.45 0.04
    6 G     0   1  -1  -1  -3   1   1   5  -1  -4  -3   0  -2  -3  -2  -1  -2  -3  -3  -3    0  11   0   0   0   8  13  68   0   0   0   0   0   0   0   0   0   0   0   0  0.68 0.03
    7 E    -1   0  -1   1  -4   2   5  -2   0  -4  -3   2  -2  -4  -1   0  -1  -3  -2  -3    0   0   0   0   0   0  87   0   0   0   0  13   0   0   0   0   0   0   0   0  0.79 0.05
    8 K    -1   2  -1  -1  -3   1   0  -2  -1  -3  -3   5  -2  -3  -1  -1  -1  -3  -2  -3    0   7   0   0   0   0   0   0   0   0   0  93   0   0   0   0   0   0   0   0  0.68 0.06
    9 P     0  -2  -2  -2  -2  -1  -1  -2  -2  -2  -3  -1  -2  -3   7   0   2  -4  -3  -2    8   0   0   0   0   0   0   0   0   0   0   0   0   0  66   6  19   0   0   0  1.26 0.05
   10 Y    -2  -2  -2  -3  -3  -2  -2  -3   2  -2  -1  -2  -1   4  -3  -2  -2   2   7  -2    0   0   0   0   0   0   0   0   5   0   0   0   0  17   0   0   0   0  77   0  0.95 0.06
   11 G     0   1   0   0  -3   1   3   2  -1  -3  -3   4  -2  -3  -1   0  -1  -3  -2  -3    5   0   0   0   0   0  27  17   0   0   0  51   0   0   0   0   0   0   0   0  0.41 0.03
   12 C    -1  -4  -3  -4  10  -3  -4  -3  -4  -2  -2  -4  -2  -3  -3  -1  -1  -3  -3  -1    0   0   0   0 100   0   0   0   0   0   0   0   0   0   0   0   0   0   0   0  1.67 0.08
   13 N    -1   1   3   2  -3   0   1  -1   2  -3  -3   2  -2  -3  -2   1   0  -3  -2  -3    0   5  32  10   0   0   8   0   7   0   0  24   0   0   0   9   5   0   0   0  0.35 0.02
   14 D    -1   0   0   3  -3   1   4  -2  -1  -2  -3   2  -2  -3  -1   0  -1  -3  -2  -1    0   0   0  18   0   0  58   0   0   0   0  17   0   0   0   0   0   0   0   7  0.53 0.04
   15 C    -1  -4  -3  -4  10  -3  -4  -3  -4  -2  -2  -4  -2  -3  -3  -1  -1  -3  -3  -1    0   0   0   0 100   0   0   0   0   0   0   0   0   0   0   0   0   0   0   0  1.67 0.08

                      K         Lambda
Standard Ungapped    0.1435     0.3206
Standard Gapped      0.0410     0.2670
PSI Ungapped         0.1435     0.3206
PSI Gapped           0.0410     0.2670
