
Last position-specific scoring matrix computed, weighted observed percentages rounded down, information per position, and relative weight of gapless real matches to pseudocounts
            A   R   N   D   C   Q   E   G   H   I   L   K   M   F   P   S   T   W   Y   V   A   R   N   D   C   Q   E   G   H   I   L   K   M   F   P   S   T   W   Y   V
    1 F    -2  -3  -3  -4  -3  -3  -3  -3   0  -1   0  -3   0   6  -4  -2  -2   2   5  -1    0   0   0   0   0   0   0   0   0   0   0   0   0  66   0   0   0   0  34   0  0.69 0.01
    2 R     2   3  -1  -1  -2   1   0  -1  -1  -2  -2   3  -1  -3  -1   0  -1  -3  -2  -2   34  31   0   0   0   0   0   0   0   0   0  34   0   0   0   0   0   0   0   0  0.33 0.00
    3 C    -1  -4  -3  -4  10  -3  -4  -3  -3  -1  -1  -3  -2  -3  -3  -1  -1  -3  -3  -1    0   0   0   0 100   0   0   0   0   0   0   0   0   0   0   0   0   0   0   0  1.25 0.01
    4 N     0   3   3   0  -2   0   0  -1   0  -3  -3   1  -2  -3  -2   3   0  -3  -2  -2    0  31  25   0   0   0   0   0   0   0   0   0   0   0   0  44   0   0   0   0  0.36 0.00
    5 Q    -1   0   0   3  -3   5   2  -2   0  -3  -3   1  -1  -4  -2   0  -1  -3  -2  -3    0   0   0  31   0  69   0   0   0   0   0   0   0   0   0   0   0   0   0   0  0.56 0.00
    6 C    -1  -4  -3  -4  10  -3  -4  -3  -3  -1  -1  -3  -2  -3  -3  -1  -1  -3  -3  -1    0   0   0   0 100   0   0   0   0   0   0   0   0   0   0   0   0   0   0   0  1.24 0.01
    7 G     0  -3   0  -1  -3  -2  -2   6  -2  -4  -4  -2  -3  -3  -2   0  -2  -3  -3  -3    0   0   0   0   0   0   0 100   0   0   0   0   0   0   0   0   0   0   0   0  1.05 0.00
    8 K    -1   2   0  -1  -3   1   1  -2  -1  -3  -3   5  -2  -3  -1   0  -1  -3  -2  -3    0   0   0   0   0   0   0   0   0   0   0 100   0   0   0   0   0   0   0   0  0.53 0.00
    9 T     0  -1   0  -1  -1  -1  -1  -1  -2  -1  -2  -1  -1  -2  -1   3   4  -3  -2  -1    0   0   0   0   0   0   0   0   0   0   0   0   0   0   0  31  69   0   0   0  0.41 0.00
   10 Y    -2  -2  -2  -3  -3  -2  -2  -3   2  -2  -1  -2  -1   3  -3  -2  -2   2   7  -1    0   0   0   0   0   0   0   0   0   0   0   0   0   0   0   0   0   0 100   0  0.88 0.01
   11 R    -1   5   0  -1  -4   1   0  -2  -1  -3  -3   4  -2  -3  -2  -1  -1  -3  -2  -3    0  56   0   0   0   0   0   0   0   0   0  44   0   0   0   0   0   0   0   0  0.58 0.00
   12 H    -2   0   1  -1  -3   0   0  -2   8  -4  -3  -1  -2  -1  -2  -1  -2  -3   2  -3    0   0   0   0   0   0   0   0 100   0   0   0   0   0   0   0   0   0   0   0  0.89 0.01
   13 G     3  -2  -1  -1  -1  -1  -1   3  -2  -2  -2  -1  -2  -3  -1   2   0  -3  -2  -1   44   0   0   0   0   0   0  25   0   0   0   0   0   0   0  31   0   0   0   0  0.36 0.00
   14 G     0  -3   0  -1  -3  -2  -2   6  -2  -4  -4  -2  -3  -3  -2   0  -2  -3  -3  -3    0   0   0   0   0   0   0 100   0   0   0   0   0   0   0   0   0   0   0   0  1.05 0.00
   15 S     1  -1   1   0  -1   0   0   0  -1  -3  -3   0  -2  -3  -1   4   1  -3  -2  -2    0   0   0   0   0   0   0   0   0   0   0   0   0   0   0 100   0   0   0   0  0.46 0.00

                      K         Lambda
Standard Ungapped    0.1429     0.3277
Standard Gapped      0.0410     0.2670
PSI Ungapped         0.1429     0.3277
PSI Gapped           0.0410     0.2670
