
Last position-specific scoring matrix computed, weighted observed percentages rounded down, information per position, and relative weight of gapless real matches to pseudocounts
           A  R  N  D  C  Q  E  G  H  I  L  K  M  F  P  S  T  W  Y  V   A   R   N   D   C   Q   E   G   H   I   L   K   M   F   P   S   T   W   Y   V
    1 R   -1  5  0 -2 -3  1  0 -2  0 -3 -2  2 -1 -3 -2 -1 -1 -3 -2 -2    0 100   0   0   0   0   0   0   0   0   0   0   0   0   0   0   0   0   0   0  0.74 0.00
    2 N   -2  0  6  1 -3  0  0  0  1 -3 -3  0 -2 -3 -2  1  0 -4 -2 -3    0   0 100   0   0   0   0   0   0   0   0   0   0   0   0   0   0   0   0   0  0.72 0.00
    3 Y   -2 -2 -2 -3 -2 -1 -2 -3  2 -1 -1 -2 -1  3 -3 -2 -2  2  7 -1    0   0   0   0   0   0   0   0   0   0   0   0   0   0   0   0   0   0 100   0  0.85 0.00
    4 K   -1  2  0 -1 -3  1  1 -2 -1 -3 -2  4 -1 -3 -1  0 -1 -3 -2 -2    0   0   0   0   0   0   0   0   0   0   0 100   0   0   0   0   0   0   0   0  0.51 0.00
    5 A    4 -1 -2 -2  0 -1 -1  0 -2 -1 -1 -1 -1 -2 -1  1  0 -3 -2  0  100   0   0   0   0   0   0   0   0   0   0   0   0   0   0   0   0   0   0   0  0.40 0.00
    6 L   -1 -2 -3 -4 -1 -2 -3 -4 -3  2  4 -2  2  0 -3 -2 -1 -2 -1  1    0   0   0   0   0   0   0   0   0   0 100   0   0   0   0   0   0   0   0   0  0.45 0.01
    7 A    3 -1  0 -1 -1  0  0  0 -1 -2 -2  0 -1 -2 -1  3  1 -3 -2 -1   50   0   0   0   0   0   0   0   0   0   0   0   0   0   0  50   0   0   0   0  0.35 0.01
    8 K   -1  2  0 -1 -3  1  1 -2 -1 -3 -2  4 -1 -3 -1  0 -1 -3 -2 -2    0   0   0   0   0   0   0   0   0   0   0 100   0   0   0   0   0   0   0   0  0.51 0.00
    9 G    0 -2  0 -1 -2 -2 -2  6 -2 -4 -4 -2 -3 -3 -2  0 -2 -2 -3 -3    0   0   0   0   0   0   0 100   0   0   0   0   0   0   0   0   0   0   0   0  1.04 0.00
   10 T    1 -1  0 -1 -1  0  0 -1 -1 -1 -2  0 -1 -2 -1  3  3 -3 -2 -1    0   0   0   0   0   0   0   0   0   0   0   0   0   0   0  50  50   0   0   0  0.38 0.01
   11 R   -1  4  0 -1 -3  1  0 -2  0 -3 -2  4 -1 -3 -1  0 -1 -3 -2 -2    0  50   0   0   0   0   0   0   0   0   0  50   0   0   0   0   0   0   0   0  0.55 0.01
   12 G    0 -2  0 -1 -2 -2 -2  6 -2 -4 -4 -2 -3 -3 -2  0 -2 -2 -3 -3    0   0   0   0   0   0   0 100   0   0   0   0   0   0   0   0   0   0   0   0  1.04 0.00
   13 S    1 -1  1  0 -1  0  0  0 -1 -2 -2  0 -1 -2 -1  4  1 -3 -2 -2    0   0   0   0   0   0   0   0   0   0   0   0   0   0   0 100   0   0   0   0  0.45 0.00
   14 T    0 -1  0 -1 -1 -1 -1 -2 -2 -1 -1 -1 -1 -2 -1  1  4 -2 -2  0    0   0   0   0   0   0   0   0   0   0   0   0   0   0   0   0 100   0   0   0  0.46 0.00
   15 S    1 -1  1  0 -1  0  0  0 -1 -2 -2  0 -1 -2 -1  4  1 -3 -2 -2    0   0   0   0   0   0   0   0   0   0   0   0   0   0   0 100   0   0   0   0  0.45 0.00

                      K         Lambda
Standard Ungapped    0.1182     0.3047
Standard Gapped      0.0410     0.2670
PSI Ungapped         0.1182     0.3047
PSI Gapped           0.0410     0.2670
