
Last position-specific scoring matrix computed, weighted observed percentages rounded down, information per position, and relative weight of gapless real matches to pseudocounts
           A  R  N  D  C  Q  E  G  H  I  L  K  M  F  P  S  T  W  Y  V   A   R   N   D   C   Q   E   G   H   I   L   K   M   F   P   S   T   W   Y   V
    1 Q   -1  3  0  0 -3  5  2 -2  0 -3 -2  2 -1 -3 -2  0 -1 -3 -2 -3    0  16   0   0   0  61   9   0   0   0   0  15   0   0   0   0   0   0   0   0  0.58 0.03
    2 R   -2  6 -1 -2 -4  1  0 -3 -1 -3 -3  2 -2 -3 -2 -1 -1 -3 -2 -3    0 100   0   0   0   0   0   0   0   0   0   0   0   0   0   0   0   0   0   0  0.91 0.04
    3 I   -1 -3 -1 -3 -2 -2 -3 -3 -3  4  2 -2  3  0 -3 -2 -1 -3 -1  2    0   0   6   0   0   0   0   0   0  65  13   0  15   0   0   0   0   0   0   0  0.32 0.02
    4 H   -2 -1  0 -2 -3  0  0 -2  8 -4 -3 -1 -2 -2 -3 -1 -2 -3  1 -4    0   0   0   0   0   0   0   0 100   0   0   0   0   0   0   0   0   0   0   0  1.18 0.06
    5 T    0 -1  2 -1 -1 -1 -1 -1 -1 -2 -2 -1 -1 -3 -1  3  4 -3 -2 -1    0   0  10   0   0   0   0   0   0   0   0   0   0   0   0  38  52   0   0   0  0.42 0.03
    6 G    0  1 -1 -2 -3 -1 -2  6 -2 -4 -4 -1 -3 -3 -2 -1 -2 -3 -3 -3    0  14   0   0   0   0   0  86   0   0   0   0   0   0   0   0   0   0   0   0  0.91 0.03
    7 E   -1  0 -1  1 -4  2  6 -2  0 -4 -3  1 -2 -4 -1  0 -1 -3 -2 -3    0   0   0   0   0   0 100   0   0   0   0   0   0   0   0   0   0   0   0   0  0.87 0.04
    8 K   -1  3  0 -1 -3  1  1 -2 -1 -3 -3  5 -2 -3 -1  0 -1 -3 -2 -3    0   7   0   0   0   0   0   0   0   0   0  93   0   0   0   0   0   0   0   0  0.63 0.04
    9 P   -1 -2 -2 -2 -3 -1 -1 -2 -2 -3 -3 -1 -2 -4  7  0  0 -4 -3 -2    0   0   0   0   0   0   0   0   0   0   0   0   0   0  83   8   9   0   0   0  1.66 0.04
   10 Y   -2 -2 -2 -3 -3 -2 -2 -3  3 -2 -1 -2 -1  3 -3 -2 -2  2  7 -2    0   0   0   0   0   0   0   0   9   0   0   0   0   6   0   0   0   0  85   0  0.94 0.04
   11 A    0  1  0  0 -3  1  3  0 -1 -3 -3  4 -2 -3 -1  0 -1 -3 -2 -2    5   0   0   0   0   0  34   6   0   0   0  55   0   0   0   0   0   0   0   0  0.44 0.02
   12 C   -1 -4 -3 -4  9 -3 -4 -3 -3 -2 -2 -4 -2 -3 -3 -1 -1 -3 -3 -1    0   0   0   0 100   0   0   0   0   0   0   0   0   0   0   0   0   0   0   0  1.55 0.06
   13 S   -1  1  4  2 -3  0  0 -1  2 -3 -3  1 -2 -3 -2  1  0 -3 -2 -3    0   5  38  15   0   0   0   0   9   0   0  15   0   0   0  12   6   0   0   0  0.37 0.02
   14 E   -1  0  0  3 -3  1  5 -2 -1 -2 -3  1 -2 -3 -1  0 -1 -3 -2 -1    0   0   0  14   0   0  72   0   0   0   0   5   0   0   0   0   0   0   0   9  0.57 0.03
   15 C   -1 -4 -3 -4  9 -3 -4 -3 -3 -2 -2 -4 -2 -3 -3 -1 -1 -3 -3 -1    0   0   0   0 100   0   0   0   0   0   0   0   0   0   0   0   0   0   0   0  1.55 0.06

                      K         Lambda
Standard Ungapped    0.1326     0.3190
Standard Gapped      0.0410     0.2670
PSI Ungapped         0.1326     0.3190
PSI Gapped           0.0410     0.2670
