
Last position-specific scoring matrix computed, weighted observed percentages rounded down, information per position, and relative weight of gapless real matches to pseudocounts
           A  R  N  D  C  Q  E  G  H  I  L  K  M  F  P  S  T  W  Y  V   A   R   N   D   C   Q   E   G   H   I   L   K   M   F   P   S   T   W   Y   V
    1 P   -1 -2 -2 -1 -3 -1 -1 -2 -2 -2 -3 -1 -2 -3  7 -1 -1 -3 -3 -2    0   0   0   0   0   0   0   0   0   0   0   0   0   0   0   0   0   0   0   0  0.00     0.00
    2 K   -1  2  0 -1 -3  1  1 -1 -1 -2 -2  4 -1 -3 -1  0 -1 -3 -2 -2    0   0   0   0   0   0   0   0   0   0   0   0   0   0   0   0   0   0   0   0  0.00     0.00
    3 T    0 -1  0 -1 -1 -1 -1 -1 -2 -1 -1 -1 -1 -2 -1  1  4 -2 -1  0    0   0   0   0   0   0   0   0   0   0   0   0   0   0   0   0   0   0   0   0  0.00     0.00
    4 E   -1  0  0  1 -3  2  4 -2  0 -3 -3  1 -2 -3 -1  0 -1 -3 -2 -2    0   0   0   0   0   0   0   0   0   0   0   0   0   0   0   0   0   0   0   0  0.00     0.00
    5 S    1 -1  1  0 -1  0  0  0 -1 -2 -2  0 -1 -2 -1  3  1 -2 -2 -1    0   0   0   0   0   0   0   0   0   0   0   0   0   0   0   0   0   0   0   0  0.00     0.00
    6 K   -1  2  0 -1 -3  1  1 -1 -1 -2 -2  4 -1 -3 -1  0 -1 -3 -2 -2    0   0   0   0   0   0   0   0   0   0   0   0   0   0   0   0   0   0   0   0  0.00     0.00
    7 S    1 -1  1  0 -1  0  0  0 -1 -2 -2  0 -1 -2 -1  3  1 -2 -2 -1    0   0   0   0   0   0   0   0   0   0   0   0   0   0   0   0   0   0   0   0  0.00     0.00
    8 K   -1  2  0 -1 -3  1  1 -1 -1 -2 -2  4 -1 -3 -1  0 -1 -3 -2 -2    0   0   0   0   0   0   0   0   0   0   0   0   0   0   0   0   0   0   0   0  0.00     0.00
    9 K   -1  2  0 -1 -3  1  1 -1 -1 -2 -2  4 -1 -3 -1  0 -1 -3 -2 -2    0   0   0   0   0   0   0   0   0   0   0   0   0   0   0   0   0   0   0   0  0.00     0.00
   10 S    1 -1  1  0 -1  0  0  0 -1 -2 -2  0 -1 -2 -1  3  1 -2 -2 -1    0   0   0   0   0   0   0   0   0   0   0   0   0   0   0   0   0   0   0   0  0.00     0.00
   11 S    1 -1  1  0 -1  0  0  0 -1 -2 -2  0 -1 -2 -1  3  1 -2 -2 -1    0   0   0   0   0   0   0   0   0   0   0   0   0   0   0   0   0   0   0   0  0.00     0.00
   12 S    1 -1  1  0 -1  0  0  0 -1 -2 -2  0 -1 -2 -1  3  1 -2 -2 -1    0   0   0   0   0   0   0   0   0   0   0   0   0   0   0   0   0   0   0   0  0.00     0.00
   13 S    1 -1  1  0 -1  0  0  0 -1 -2 -2  0 -1 -2 -1  3  1 -2 -2 -1    0   0   0   0   0   0   0   0   0   0   0   0   0   0   0   0   0   0   0   0  0.00     0.00
   14 T    0 -1  0 -1 -1 -1 -1 -1 -2 -1 -1 -1 -1 -2 -1  1  4 -2 -1  0    0   0   0   0   0   0   0   0   0   0   0   0   0   0   0   0   0   0   0   0  0.00     0.00
   15 T    0 -1  0 -1 -1 -1 -1 -1 -2 -1 -1 -1 -1 -2 -1  1  4 -2 -1  0    0   0   0   0   0   0   0   0   0   0   0   0   0   0   0   0   0   0   0   0  0.00     0.00

                      K         Lambda
Standard Ungapped    0.0812     0.2613
Standard Gapped      0.0410     0.2670
PSI Ungapped         0.0812     0.2613
PSI Gapped           0.0410     0.2670
