
Last position-specific scoring matrix computed, weighted observed percentages rounded down, information per position, and relative weight of gapless real matches to pseudocounts
           A  R  N  D  C  Q  E  G  H  I  L  K  M  F  P  S  T  W  Y  V   A   R   N   D   C   Q   E   G   H   I   L   K   M   F   P   S   T   W   Y   V
    1 R   -1  3  0 -1 -3  5  1 -2  0 -3 -2  3 -1 -3 -2  0 -1 -3 -2 -3    0  20   0   0   0  60   0   0   0   0   0  21   0   0   0   0   0   0   0   0  0.55 0.02
    2 R   -2  6 -1 -2 -4  1  0 -3  0 -3 -2  2 -2 -3 -2 -1 -1 -3 -2 -3    0 100   0   0   0   0   0   0   0   0   0   0   0   0   0   0   0   0   0   0  0.87 0.03
    3 I   -1 -2  0 -3 -2 -2 -3 -3 -3  3  2 -2  3  0 -3 -2 -1 -2 -1  2    0   0   8   0   0   0   0   0   0  57  16   0  20   0   0   0   0   0   0   0  0.28 0.01
    4 H   -2 -1  0 -1 -3  0  0 -2  8 -4 -3 -1 -2 -2 -3 -1 -2 -3  2 -4    0   0   0   0   0   0   0   0 100   0   0   0   0   0   0   0   0   0   0   0  1.08 0.04
    5 T    0 -1  2 -1 -1 -1 -1 -1 -1 -2 -2 -1 -1 -3 -1  3  4 -3 -2 -1    0   0  12   0   0   0   0   0   0   0   0   0   0   0   0  32  55   0   0   0  0.40 0.02
    6 G    0  0 -1 -2 -3 -2 -2  6 -2 -4 -4 -1 -3 -3 -2  0 -2 -3 -3 -3    0  10   0   0   0   0   0  90   0   0   0   0   0   0   0   0   0   0   0   0  0.95 0.02
    7 E   -1  0  0  1 -4  2  6 -2  0 -4 -3  1 -2 -4 -1  0 -1 -3 -2 -3    0   0   0   0   0   0 100   0   0   0   0   0   0   0   0   0   0   0   0   0  0.83 0.03
    8 K   -1  2  0 -1 -3  1  1 -2 -1 -3 -3  5 -2 -3 -1  0 -1 -3 -2 -3    0   0   0   0   0   0   0   0   0   0   0 100   0   0   0   0   0   0   0   0  0.61 0.03
    9 P   -1 -2 -2 -2 -3 -2 -1 -2 -2 -3 -3 -1 -3 -4  8 -1 -1 -4 -3 -3    0   0   0   0   0   0   0   0   0   0   0   0   0   0 100   0   0   0   0   0  2.13 0.03
   10 H   -2 -2 -2 -3 -3 -2 -2 -3  3 -2 -1 -2 -1  3 -3 -2 -2  2  7 -2    0   0   0   0   0   0   0   0   7   0   0   0   0   8   0   0   0   0  85   0  0.88 0.03
   11 K    0  1  0  0 -3  1  3  0 -1 -3 -3  4 -2 -3 -1  0 -1 -3 -2 -2    7   0   0   0   0   0  32   9   0   0   0  53   0   0   0   0   0   0   0   0  0.40 0.01
   12 C   -1 -4 -3 -4  9 -3 -4 -3 -3 -2 -2 -3 -2 -3 -3 -1 -1 -3 -3 -1    0   0   0   0 100   0   0   0   0   0   0   0   0   0   0   0   0   0   0   0  1.45 0.04
   13 K   -1  1  4  3 -3  0  0 -1  0 -3 -3  1 -2 -3 -2  1  1 -4 -2 -2    0   7  32  21   0   0   0   0   0   0   0  16   0   0   0  14  10   0   0   0  0.36 0.01
   14 E   -1  0  0  2 -4  2  5 -2  0 -3 -3  1 -2 -4 -1  0 -1 -3 -2 -3    0   0   0   9   0   0  84   0   0   0   0   7   0   0   0   0   0   0   0   0  0.71 0.02
   15 C   -1 -4 -3 -4  9 -3 -4 -3 -3 -2 -2 -3 -2 -3 -3 -1 -1 -3 -3 -1    0   0   0   0 100   0   0   0   0   0   0   0   0   0   0   0   0   0   0   0  1.45 0.04

                      K         Lambda
Standard Ungapped    0.1385     0.3229
Standard Gapped      0.0410     0.2670
PSI Ungapped         0.1385     0.3229
PSI Gapped           0.0410     0.2670
