
Last position-specific scoring matrix computed, weighted observed percentages rounded down, information per position, and relative weight of gapless real matches to pseudocounts
           A  R  N  D  C  Q  E  G  H  I  L  K  M  F  P  S  T  W  Y  V   A   R   N   D   C   Q   E   G   H   I   L   K   M   F   P   S   T   W   Y   V
    1 K   -1  3  0  0 -3  5  2 -2  0 -3 -2  2 -1 -3 -2  0 -1 -3 -2 -3    0  17   0   0   0  58   9   0   0   0   0  16   0   0   0   0   0   0   0   0  0.55 0.02
    2 R   -2  6 -1 -2 -4  1  0 -3  0 -3 -2  2 -2 -3 -2 -1 -1 -3 -2 -3    0 100   0   0   0   0   0   0   0   0   0   0   0   0   0   0   0   0   0   0  0.87 0.03
    3 M   -1 -3 -1 -3 -2 -2 -3 -3 -3  4  2 -2  3  0 -3 -2 -1 -3 -1  2    0   0   7   0   0   0   0   0   0  62  14   0  17   0   0   0   0   0   0   0  0.29 0.02
    4 H   -2 -1  0 -1 -3  0  0 -2  8 -4 -3 -1 -2 -2 -3 -1 -2 -3  2 -4    0   0   0   0   0   0   0   0 100   0   0   0   0   0   0   0   0   0   0   0  1.08 0.04
    5 S    0 -1  2 -1 -1 -1 -1 -1 -1 -2 -2 -1 -1 -3 -1  3  4 -3 -2 -1    0   0  11   0   0   0   0   0   0   0   0   0   0   0   0  34  55   0   0   0  0.40 0.02
    6 R    0  1 -1 -2 -3 -1 -2  5 -2 -4 -4 -1 -3 -3 -2 -1 -2 -3 -3 -3    0  17   0   0   0   0   0  83   0   0   0   0   0   0   0   0   0   0   0   0  0.84 0.02
    7 E   -1  0  0  1 -4  2  6 -2  0 -4 -3  1 -2 -4 -1  0 -1 -3 -2 -3    0   0   0   0   0   0 100   0   0   0   0   0   0   0   0   0   0   0   0   0  0.83 0.03
    8 K   -1  3  0 -1 -3  1  1 -2 -1 -3 -3  5 -2 -3 -1  0 -1 -3 -2 -3    0   8   0   0   0   0   0   0   0   0   0  92   0   0   0   0   0   0   0   0  0.59 0.03
    9 P   -1 -2 -2 -2 -3 -1 -1 -2 -2 -3 -3 -1 -3 -4  8  0 -1 -4 -3 -3    0   0   0   0   0   0   0   0   0   0   0   0   0   0  89  11   0   0   0   0  1.82 0.03
   10 Y   -2 -2 -2 -3 -3 -2 -2 -3  3 -2 -1 -2 -1  3 -3 -2 -2  2  7 -2    0   0   0   0   0   0   0   0   7   0   0   0   0   7   0   0   0   0  86   0  0.89 0.03
   11 K    0  1  0  0 -3  1  3  0 -1 -3 -3  4 -2 -3 -1  0 -1 -3 -2 -2    6   0   0   0   0   0  29   7   0   0   0  58   0   0   0   0   0   0   0   0  0.41 0.02
   12 C   -1 -4 -3 -4  9 -3 -4 -3 -3 -2 -2 -3 -2 -3 -3 -1 -1 -3 -3 -1    0   0   0   0 100   0   0   0   0   0   0   0   0   0   0   0   0   0   0   0  1.45 0.04
   13 T   -1  1  4  3 -3  0  0 -1  0 -3 -3  1 -2 -3 -2  1  1 -4 -2 -3    0   6  45  19   0   0   0   0   0   0   0  11   0   0   0  13   7   0   0   0  0.42 0.01
   14 E   -1  0  0  3 -4  1  5 -2  0 -3 -3  1 -2 -4 -1  0 -1 -3 -2 -3    0   0   0  17   0   0  76   0   0   0   0   7   0   0   0   0   0   0   0   0  0.68 0.02
   15 C   -1 -4 -3 -4  9 -3 -4 -3 -3 -2 -2 -3 -2 -3 -3 -1 -1 -3 -3 -1    0   0   0   0 100   0   0   0   0   0   0   0   0   0   0   0   0   0   0   0  1.45 0.04

                      K         Lambda
Standard Ungapped    0.1293     0.3213
Standard Gapped      0.0410     0.2670
PSI Ungapped         0.1293     0.3213
PSI Gapped           0.0410     0.2670
