
Last position-specific scoring matrix computed, weighted observed percentages rounded down, information per position, and relative weight of gapless real matches to pseudocounts
            A   R   N   D   C   Q   E   G   H   I   L   K   M   F   P   S   T   W   Y   V   A   R   N   D   C   Q   E   G   H   I   L   K   M   F   P   S   T   W   Y   V
    1 Y    -2  -2  -2  -3  -3  -2  -2  -3   2  -2  -1  -2  -1   3  -3  -2  -2   2   7  -1    0   0   0   0   0   0   0   0   0   0   0   0   0   0   0   0   0   0 100   0  0.95 0.02
    2 K     1   2  -1  -1  -2   1   0  -1  -1  -3  -2   4  -1  -3  -1   0  -1  -3  -2  -2   22   0   0   0   0   0   0   0   0   0   0  78   0   0   0   0   0   0   0   0  0.39 0.01
    3 C    -1  -4  -3  -4  10  -3  -4  -3  -3  -1  -2  -3  -2  -3  -3  -1  -1  -3  -3  -1    0   0   0   0 100   0   0   0   0   0   0   0   0   0   0   0   0   0   0   0  1.33 0.02
    4 N    -1  -1   4   3  -2   0   0  -1   0  -3  -3   0  -2  -3  -2   2   2  -4  -2  -2    0   0  43  19   0   0   0   0   0   0   0   0   0   0   0  22  16   0   0   0  0.42 0.01
    5 E    -1   0   0   2  -4   2   5  -2   0  -4  -3   1  -2  -4  -1   0  -1  -3  -2  -3    0   0   0   0   0   0 100   0   0   0   0   0   0   0   0   0   0   0   0   0  0.78 0.02
    6 C    -1  -4  -3  -4  10  -3  -4  -3  -3  -1  -2  -3  -2  -3  -3  -1  -1  -3  -3  -1    0   0   0   0 100   0   0   0   0   0   0   0   0   0   0   0   0   0   0   0  1.33 0.02
    7 G     0  -3  -1  -2  -3  -2  -2   6  -2  -4  -4  -2  -3  -3  -2   0  -2  -3  -3  -3    0   0   0   0   0   0   0 100   0   0   0   0   0   0   0   0   0   0   0   0  1.08 0.01
    8 K    -1   2   0  -1  -3   1   1  -2  -1  -3  -3   5  -2  -3  -1   0  -1  -3  -2  -3    0   0   0   0   0   0   0   0   0   0   0 100   0   0   0   0   0   0   0   0  0.56 0.02
    9 D     2  -2  -1   1  -1  -1  -1   2  -2  -1  -2  -1  -1  -2  -2   0   1  -3  -2   0   30   0   0  14   0   0   0  22   0   0   0   0   0   0   0   0  19   0   0  14  0.20 0.00
   10 F    -2  -3  -3  -4  -3  -4  -4  -3  -1   0   0  -3   0   7  -4  -3  -2   1   3  -1    0   0   0   0   0   0   0   0   0   0   0   0   0 100   0   0   0   0   0   0  0.81 0.02
   11 S     2  -1   0  -1  -1  -1  -1  -1  -1  -2  -2  -1  -1  -2  -1   3   3  -3  -2  -1   19   0   0   0   0   0   0   0   0   0   0   0   0   0   0  43  38   0   0   0  0.35 0.01
   12 Q    -1   1   0  -1  -3   5   1  -2   1  -3  -2   1  -1  -1  -2  -1  -1  -1   3  -2    0   0   0   0   0  78   0   0   0   0   0   0   0   0   0   0   0   0  22   0  0.52 0.02
   13 N     0  -1   5   1  -2   0   0  -1   0  -3  -3   0  -2  -3  -2   2   2  -3  -2  -2    0   0  51   0   0   0   0   0   0   0   0   0   0   0   0  30  19   0   0   0  0.43 0.01
   14 K    -1   5   0  -1  -3   1   0  -2  -1  -3  -2   4  -1  -3  -2  -1  -1  -3  -2  -3    0  50   0   0   0   0   0   0   0   0   0  50   0   0   0   0   0   0   0   0  0.55 0.00
   15 N    -2   0   6   1  -3   0   0   0   1  -3  -4   0  -2  -3  -2   1   0  -4  -2  -3    0   0 100   0   0   0   0   0   0   0   0   0   0   0   0   0   0   0   0   0  0.72 0.00

                      K         Lambda
Standard Ungapped    0.1307     0.3129
Standard Gapped      0.0410     0.2670
PSI Ungapped         0.1307     0.3129
PSI Gapped           0.0410     0.2670
