
Last position-specific scoring matrix computed, weighted observed percentages rounded down, information per position, and relative weight of gapless real matches to pseudocounts
           A  R  N  D  C  Q  E  G  H  I  L  K  M  F  P  S  T  W  Y  V   A   R   N   D   C   Q   E   G   H   I   L   K   M   F   P   S   T   W   Y   V
    1 A    1 -2 -1 -2 -2 -2 -2  6 -2 -3 -3 -2 -3 -3 -2  0 -1 -3 -3 -3   17   0   0   0   0   0   0  83   0   0   0   0   0   0   0   0   0   0   0   0  0.83 0.00
    2 E   -1  0  0  2 -4  2  5 -2  0 -4 -3  1 -2 -4 -1  0 -1 -3 -2 -3    0   0   0   0   0   0 100   0   0   0   0   0   0   0   0   0   0   0   0   0  0.75 0.01
    3 N   -1  3  4  0 -3  1  0 -1  0 -3 -3  3 -2 -3 -2  0 -1 -3 -2 -3    0  18  40   0   0   0   0   0   0   0   0  42   0   0   0   0   0   0   0   0  0.43 0.00
    4 P   -1 -2 -3 -2 -3 -2 -2 -3 -3 -1  1 -1 -1 -2  7 -1 -1 -3 -3 -1    0   0   0   0   0   0   0   0   0   0  23   0   0   0  77   0   0   0   0   0  1.37 0.00
    5 Y   -2 -2 -2 -3 -3 -1 -2 -3  4 -2 -1 -2 -1  3 -3 -2 -2  2  7 -2    0   0   0   0   0   0   0   0  16   0   0   0   0   0   0   0   0   0  84   0  0.76 0.01
    6 K   -1  2  0  0 -3  2  3 -2 -1 -3 -3  4 -2 -3 -1  0 -1 -3 -2 -3    0   0   0   0   0   0  23   0   0   0   0  77   0   0   0   0   0   0   0   0  0.48 0.00
    7 C   -1 -4 -3 -4  9 -3 -4 -3 -3 -1 -1 -3 -2 -3 -3 -1 -1 -3 -3 -1    0   0   0   0 100   0   0   0   0   0   0   0   0   0   0   0   0   0   0   0  1.24 0.01
    8 K   -1  2  2  0 -3  1  1 -1 -1 -3 -3  5 -2 -3 -1  0 -1 -3 -2 -3    0   0  18   0   0   0   0   0   0   0   0  82   0   0   0   0   0   0   0   0  0.45 0.00
    9 E   -1  0  0  4 -4  2  5 -2  0 -4 -3  1 -2 -4 -1  0 -1 -3 -2 -3    0   0   0  23   0   0  77   0   0   0   0   0   0   0   0   0   0   0   0   0  0.68 0.00
   10 C   -1 -4 -3 -4  9 -3 -4 -3 -3 -1 -1 -3 -2 -3 -3 -1 -1 -3 -3 -1    0   0   0   0 100   0   0   0   0   0   0   0   0   0   0   0   0   0   0   0  1.24 0.01
   11 G    0 -3  0 -1 -3 -2 -2  6 -2 -4 -4 -2 -3 -3 -2  0 -2 -3 -3 -3    0   0   0   0   0   0   0 100   0   0   0   0   0   0   0   0   0   0   0   0  1.05 0.00
   12 K   -1  2  0 -1 -3  1  1 -2 -1 -3 -3  5 -2 -3 -1  0 -1 -3 -2 -3    0   0   0   0   0   0   0   0   0   0   0 100   0   0   0   0   0   0   0   0  0.53 0.01
   13 V    0 -3 -2 -3 -1 -2 -3  3 -3  2  0 -2  0 -2 -2 -1 -1 -3 -2  3    0   0   0   0   0   0   0  36   0   0   0   0   0   0   0   0   0   0   0  64  0.27 0.00
   14 F   -2 -3 -3 -4 -3 -3 -4 -3 -1  0  0 -3  0  7 -4 -3 -2  1  3 -1    0   0   0   0   0   0   0   0   0   0   0   0   0 100   0   0   0   0   0   0  0.75 0.00
   15 I   -1 -3 -4 -3 -1 -3 -4 -4 -4  4  2 -3  1  0 -3 -3 -1 -3 -1  3    0   0   0   0   0   0   0   0   0 100   0   0   0   0   0   0   0   0   0   0  0.39 0.00

                      K         Lambda
Standard Ungapped    0.1418     0.3222
Standard Gapped      0.0410     0.2670
PSI Ungapped         0.1418     0.3222
PSI Gapped           0.0410     0.2670
