
Last position-specific scoring matrix computed, weighted observed percentages rounded down, information per position, and relative weight of gapless real matches to pseudocounts
           A  R  N  D  C  Q  E  G  H  I  L  K  M  F  P  S  T  W  Y  V   A   R   N   D   C   Q   E   G   H   I   L   K   M   F   P   S   T   W   Y   V
    1 E   -1  0  0  2 -4  2  5 -2  0 -4 -3  1 -2 -4 -1  0 -1 -3 -2 -3    0   0   0   0   0   0   0   0   0   0   0   0   0   0   0   0   0   0   0   0  0.00     0.00
    2 A    4 -2 -2 -2  0 -1 -1  0 -2 -1 -2 -1 -1 -2 -1  1  0 -3 -2  0    0   0   0   0   0   0   0   0   0   0   0   0   0   0   0   0   0   0   0   0  0.00     0.00
    3 A    4 -2 -2 -2  0 -1 -1  0 -2 -1 -2 -1 -1 -2 -1  1  0 -3 -2  0    0   0   0   0   0   0   0   0   0   0   0   0   0   0   0   0   0   0   0   0  0.00     0.00
    4 D   -2 -2  1  6 -4  0  2 -1 -1 -3 -4 -1 -3 -4 -2  0 -1 -5 -3 -4    0   0   0   0   0   0   0   0   0   0   0   0   0   0   0   0   0   0   0   0  0.00     0.00
    5 I   -1 -3 -4 -3 -1 -3 -4 -4 -4  4  2 -3  1  0 -3 -3 -1 -3 -1  3    0   0   0   0   0   0   0   0   0   0   0   0   0   0   0   0   0   0   0   0  0.00     0.00
    6 I   -1 -3 -4 -3 -1 -3 -4 -4 -4  4  2 -3  1  0 -3 -3 -1 -3 -1  3    0   0   0   0   0   0   0   0   0   0   0   0   0   0   0   0   0   0   0   0  0.00     0.00
    7 Q   -1  1  0  0 -3  6  2 -2  1 -3 -2  1  0 -4 -1  0 -1 -2 -2 -2    0   0   0   0   0   0   0   0   0   0   0   0   0   0   0   0   0   0   0   0  0.00     0.00
    8 K   -1  2  0 -1 -3  1  1 -2 -1 -3 -3  5 -2 -3 -1  0 -1 -3 -2 -3    0   0   0   0   0   0   0   0   0   0   0   0   0   0   0   0   0   0   0   0  0.00     0.00
    9 L   -2 -2 -4 -4 -1 -2 -3 -4 -3  2  4 -3  2  0 -3 -3 -1 -2 -1  1    0   0   0   0   0   0   0   0   0   0   0   0   0   0   0   0   0   0   0   0  0.00     0.00
   10 H   -2  0  1 -1 -3  1  0 -2  8 -4 -3 -1 -2 -1 -2 -1 -2 -3  2 -3    0   0   0   0   0   0   0   0   0   0   0   0   0   0   0   0   0   0   0   0  0.00     0.00
   11 L   -2 -2 -4 -4 -1 -2 -3 -4 -3  2  4 -3  2  0 -3 -3 -1 -2 -1  1    0   0   0   0   0   0   0   0   0   0   0   0   0   0   0   0   0   0   0   0  0.00     0.00
   12 I   -1 -3 -4 -3 -1 -3 -4 -4 -4  4  2 -3  1  0 -3 -3 -1 -3 -1  3    0   0   0   0   0   0   0   0   0   0   0   0   0   0   0   0   0   0   0   0  0.00     0.00
   13 A    4 -2 -2 -2  0 -1 -1  0 -2 -1 -2 -1 -1 -2 -1  1  0 -3 -2  0    0   0   0   0   0   0   0   0   0   0   0   0   0   0   0   0   0   0   0   0  0.00     0.00
   14 Q   -1  1  0  0 -3  6  2 -2  1 -3 -2  1  0 -4 -1  0 -1 -2 -2 -2    0   0   0   0   0   0   0   0   0   0   0   0   0   0   0   0   0   0   0   0  0.00     0.00
   15 E   -1  0  0  2 -4  2  5 -2  0 -4 -3  1 -2 -4 -1  0 -1 -3 -2 -3    0   0   0   0   0   0   0   0   0   0   0   0   0   0   0   0   0   0   0   0  0.00     0.00

                      K         Lambda
Standard Ungapped    0.1325     0.3182
Standard Gapped      0.0410     0.2670
PSI Ungapped         0.1325     0.3182
PSI Gapped           0.0410     0.2670
