
Last position-specific scoring matrix computed, weighted observed percentages rounded down, information per position, and relative weight of gapless real matches to pseudocounts
           A  R  N  D  C  Q  E  G  H  I  L  K  M  F  P  S  T  W  Y  V   A   R   N   D   C   Q   E   G   H   I   L   K   M   F   P   S   T   W   Y   V
    1 R   -1  3  0 -1 -3  5  1 -2  0 -3 -2  3 -1 -3 -2  0 -1 -2 -2 -3    0  18   0   0   0  64   0   0   0   0   0  19   0   0   0   0   0   0   0   0  0.58 0.02
    2 R   -2  6 -1 -2 -4  1  0 -3  0 -3 -2  2 -2 -3 -2 -1 -1 -3 -2 -3    0 100   0   0   0   0   0   0   0   0   0   0   0   0   0   0   0   0   0   0  0.90 0.04
    3 I   -1 -3 -1 -3 -2 -2 -3 -3 -3  4  2 -2  3  0 -3 -2 -1 -2 -1  2    0   0   7   0   0   0   0   0   0  62  14   0  17   0   0   0   0   0   0   0  0.30 0.02
    4 H   -2 -1  0 -1 -3  0  0 -2  8 -4 -3 -1 -2 -2 -3 -1 -2 -3  1 -4    0   0   0   0   0   0   0   0 100   0   0   0   0   0   0   0   0   0   0   0  1.14 0.05
    5 T    0 -1  2 -1 -1 -1 -1 -1 -1 -2 -2 -1 -1 -3 -1  3  4 -3 -2 -1    0   0  11   0   0   0   0   0   0   0   0   0   0   0   0  40  49   0   0   0  0.40 0.02
    6 G    0  0 -1 -2 -3 -2 -2  6 -2 -4 -4 -1 -3 -3 -2 -1 -2 -3 -3 -3    0   9   0   0   0   0   0  91   0   0   0   0   0   0   0   0   0   0   0   0  0.98 0.03
    7 E   -1  0 -1  1 -4  2  6 -2  0 -4 -3  1 -2 -4 -1  0 -1 -3 -2 -3    0   0   0   0   0   0 100   0   0   0   0   0   0   0   0   0   0   0   0   0  0.85 0.04
    8 K   -1  2  0 -1 -3  1  1 -2 -1 -3 -3  5 -2 -3 -1  0 -1 -3 -2 -3    0   0   0   0   0   0   0   0   0   0   0 100   0   0   0   0   0   0   0   0  0.64 0.04
    9 P   -1 -2 -2 -2 -3 -1 -1 -2 -2 -3 -3 -1 -3 -4  7 -1  1 -4 -3 -2    0   0   0   0   0   0   0   0   0   0   0   0   0   0  89   0  11   0   0   0  1.83 0.04
   10 F   -2 -2 -2 -3 -3 -2 -2 -3  3 -2 -1 -2 -1  3 -3 -2 -2  2  7 -2    0   0   0   0   0   0   0   0   7   0   0   0   0   7   0   0   0   0  86   0  0.93 0.04
   11 E    0  1  0  0 -3  1  3  0 -1 -3 -3  3 -2 -3 -1  0 -1 -3 -2 -2    6   0   0   0   0   0  39   8   0   0   0  47   0   0   0   0   0   0   0   0  0.42 0.02
   12 C   -1 -4 -3 -4  9 -3 -4 -3 -3 -2 -2 -3 -2 -3 -3 -1 -1 -3 -3 -1    0   0   0   0 100   0   0   0   0   0   0   0   0   0   0   0   0   0   0   0  1.52 0.05
   13 S   -1  1  3  2 -3  0  0 -1  3 -3 -3  1 -2 -3 -2  1  1 -3 -1 -2    0   6  28  18   0   0   0   0  11   0   0  15   0   0   0  13   9   0   0   0  0.33 0.01
   14 E   -1  0  0  2 -3  1  5 -2 -1 -2 -2  1 -2 -3 -1  0 -1 -3 -2 -1    0   0   0   8   0   0  75   0   0   0   0   6   0   0   0   0   0   0   0  11  0.56 0.03
   15 C   -1 -4 -3 -4  9 -3 -4 -3 -3 -2 -2 -3 -2 -3 -3 -1 -1 -3 -3 -1    0   0   0   0 100   0   0   0   0   0   0   0   0   0   0   0   0   0   0   0  1.52 0.05

                      K         Lambda
Standard Ungapped    0.1393     0.3237
Standard Gapped      0.0410     0.2670
PSI Ungapped         0.1393     0.3237
PSI Gapped           0.0410     0.2670
