
Last position-specific scoring matrix computed, weighted observed percentages rounded down, information per position, and relative weight of gapless real matches to pseudocounts
            A   R   N   D   C   Q   E   G   H   I   L   K   M   F   P   S   T   W   Y   V   A   R   N   D   C   Q   E   G   H   I   L   K   M   F   P   S   T   W   Y   V
    1 C     0  -4  -3  -4  10  -3  -4  -3  -3  -1  -1  -4  -2  -3  -3  -1  -1  -3  -3  -1    0   0   0   0 100   0   0   0   0   0   0   0   0   0   0   0   0   0   0   0  1.20 0.00
    2 Q     0  -1   0  -1  -3   3   0   5  -1  -4  -4   0  -2  -4  -2   0  -1  -3  -3  -3    0   0   0   0   0  34   0  66   0   0   0   0   0   0   0   0   0   0   0   0  0.63 0.00
    3 K    -1   2   0  -1  -4   1   1  -2  -1  -3  -3   5  -2  -4  -1   0  -1  -3  -2  -3    0   0   0   0   0   0   0   0   0   0   0 100   0   0   0   0   0   0   0   0  0.51 0.00
    4 A     2  -3  -3  -3   6  -2  -3  -2  -3   1   0  -2   0  -2  -2  -1   0  -3  -2   3   25   0   0   0  28   0   0   0   0   0   0   0   0   0   0   0   0   0   0  47  0.29 0.01
    5 F    -3  -3  -3  -4  -3  -4  -4  -4  -1   0   0  -4   0   7  -4  -3  -2   1   3  -1    0   0   0   0   0   0   0   0   0   0   0   0   0 100   0   0   0   0   0   0  0.73 0.00
    6 I    -2  -3  -4  -4  -1  -3  -4  -4  -4   5   2  -3   1   0  -3  -3  -1  -3  -2   3    0   0   0   0   0   0   0   0   0 100   0   0   0   0   0   0   0   0   0   0  0.39 0.00
    7 L    -2  -3  -4  -4  -1  -2  -3  -4  -3   2   4  -3   2   0  -3  -3  -1  -2  -1   1    0   0   0   0   0   0   0   0   0   0 100   0   0   0   0   0   0   0   0   0  0.45 0.00
    8 K    -1   2   0  -1  -4   1   1  -2  -1  -3  -3   5  -2  -4  -1   0  -1  -3  -2  -3    0   0   0   0   0   0   0   0   0   0   0 100   0   0   0   0   0   0   0   0  0.51 0.00
    9 K    -1   2   0  -1  -4   1   1  -2  -1  -3  -3   5  -2  -4  -1   0  -1  -3  -2  -3    0   0   0   0   0   0   0   0   0   0   0 100   0   0   0   0   0   0   0   0  0.51 0.00
   10 S     1  -1   1   0  -1   0   0   0  -1  -3  -3   0  -2  -3  -1   5   2  -3  -2  -2    0   0   0   0   0   0   0   0   0   0   0   0   0   0   0 100   0   0   0   0  0.45 0.00
   11 L    -2  -3  -4  -4  -1  -2  -3  -4  -3   2   4  -3   2   0  -3  -3  -1  -2  -1   1    0   0   0   0   0   0   0   0   0   0 100   0   0   0   0   0   0   0   0   0  0.45 0.00
   12 I    -2  -3  -4  -4  -1  -3  -4  -4  -4   5   2  -3   1   0  -3  -3  -1  -3  -2   3    0   0   0   0   0   0   0   0   0 100   0   0   0   0   0   0   0   0   0   0  0.39 0.00
   13 L    -1  -3  -3  -3  -2  -2  -3   3  -3   1   3  -3   1   0  -3  -2  -2  -2  -2   0    0   0   0   0   0   0   0  28   0   0  72   0   0   0   0   0   0   0   0   0  0.28 0.01
   14 H    -2   0   1  -1  -3   1   0  -2   9  -4  -3  -1  -2  -1  -3  -1  -2  -3   2  -4    0   0   0   0   0   0   0   0 100   0   0   0   0   0   0   0   0   0   0   0  0.85 0.00
   15 Q    -1   1   0   0  -3   6   2  -2   1  -3  -2   1   0  -4  -1   0  -1  -2  -2  -3    0   0   0   0   0 100   0   0   0   0   0   0   0   0   0   0   0   0   0   0  0.65 0.00

                      K         Lambda
Standard Ungapped    0.1411     0.3355
Standard Gapped      0.0410     0.2670
PSI Ungapped         0.1411     0.3355
PSI Gapped           0.0410     0.2670
