
Last position-specific scoring matrix computed, weighted observed percentages rounded down, information per position, and relative weight of gapless real matches to pseudocounts
           A  R  N  D  C  Q  E  G  H  I  L  K  M  F  P  S  T  W  Y  V   A   R   N   D   C   Q   E   G   H   I   L   K   M   F   P   S   T   W   Y   V
    1 H   -2 -1  0 -2 -3  0  0 -2  9 -4 -3 -1 -2 -2 -3 -1 -2 -3  1 -4    0   0   0   0   0   0   0   0 100   0   0   0   0   0   0   0   0   0   0   0  1.21 0.07
    2 S    0 -1  1 -1 -1  0 -1 -1 -1 -2 -2  0 -1 -3 -1  3  4 -3 -2 -1    0   0   9   0   0   0   0   0   0   0   0   8   0   0   0  31  52   0   0   0  0.38 0.03
    3 G    0  1 -1 -1 -3  1 -1  5 -2 -4 -3  0 -2 -3 -2  0 -1 -3 -3 -3    7  15   0   0   0  11   0  67   0   0   0   0   0   0   0   0   0   0   0   0  0.65 0.03
    4 E   -1  0 -1  1 -4  2  6 -2  0 -4 -3  1 -2 -4 -1  0 -1 -3 -2 -3    0   0   0   0   0   0 100   0   0   0   0   0   0   0   0   0   0   0   0   0  0.89 0.05
    5 K   -1  2  1 -1 -3  1  1 -2 -1 -3 -3  5 -2 -3 -1  0 -1 -3 -2 -3    0   5   7   0   0   0   6   0   0   0   0  82   0   0   0   0   0   0   0   0  0.55 0.04
    6 P    0 -2 -2 -2 -3 -1 -1 -2 -2 -3 -3 -1 -3 -4  7  0 -1 -4 -3 -2   11   0   0   0   0   0   0   0   0   0   0   0   0   0  82   8   0   0   0   0  1.64 0.05
    7 Y   -2 -2 -2 -3 -3 -2 -2 -3  3 -2 -1 -2 -1  3 -3 -2 -2  2  7 -2    0   0   0   0   0   0   0   0  10   0   0   0   0   7   0   0   0   0  84   0  0.95 0.06
    8 K    0  1  0  0 -3  1  2 -2 -1 -3 -3  4 -2 -3 -1  0 -1 -3 -2 -2    6   0   0   0   0   0  21   0   0   0   0  73   0   0   0   0   0   0   0   0  0.51 0.04
    9 C   -1 -4 -3 -4  9 -3 -4 -3 -4 -2 -2 -4 -2 -3 -3 -1 -1 -3 -3 -1    0   0   0   0 100   0   0   0   0   0   0   0   0   0   0   0   0   0   0   0  1.60 0.07
   10 D   -1  1  3  2 -3  0  1 -1  0 -3 -3  2 -2 -3 -2  1  1 -3 -2 -2    0   4  31  10   0   0  11   0   0   0   0  24   0   0   0  13   7   0   0   0  0.35 0.02
   11 E   -1  0  0  3 -4  1  5 -2 -1 -3 -3  1 -2 -4 -1  0 -1 -3 -2 -3    0   0   0  18   0   0  71   0   0   0   0  11   0   0   0   0   0   0   0   0  0.68 0.04
   12 C   -1 -4 -3 -4  9 -3 -4 -3 -4 -2 -2 -4 -2 -3 -3 -1 -1 -3 -3 -1    0   0   0   0 100   0   0   0   0   0   0   0   0   0   0   0   0   0   0   0  1.60 0.07
   13 G    0 -2 -1 -1 -3  1 -1  6 -2 -4 -4 -1 -2 -3 -2  0 -2 -3 -3 -3    0   0   0   0   0  13   0  87   0   0   0   0   0   0   0   0   0   0   0   0  0.90 0.02
   14 K   -1  2  0 -1 -3  1  1 -2 -1 -3 -3  5 -2 -3 -1  0 -1 -3 -2 -3    0   0   0   0   0   0   0   0   0   0   0 100   0   0   0   0   0   0   0   0  0.61 0.03
   15 T    3 -2 -2 -2 -1 -1 -1 -1 -2  1  0 -1  0 -2 -1  0  1 -3 -2  2   51   0   0   0   0   0   0   0   0   0   0   0   0   0   0   0  12   0   0  37  0.22 0.01

                      K         Lambda
Standard Ungapped    0.1347     0.3101
Standard Gapped      0.0410     0.2670
PSI Ungapped         0.1347     0.3101
PSI Gapped           0.0410     0.2670
