
Last position-specific scoring matrix computed, weighted observed percentages rounded down, information per position, and relative weight of gapless real matches to pseudocounts
            A   R   N   D   C   Q   E   G   H   I   L   K   M   F   P   S   T   W   Y   V   A   R   N   D   C   Q   E   G   H   I   L   K   M   F   P   S   T   W   Y   V
    1 H    -2   0   0  -1  -3   0   0  -2   8  -4  -3  -1  -2  -1  -2  -1  -2  -3   2  -4    0   0   0   0   0   0   0   0 100   0   0   0   0   0   0   0   0   0   0   0  0.97 0.02
    2 T     1  -1   0  -1  -1  -1  -1  -1  -1  -1  -2  -1  -1  -2  -1   3   4  -3  -2  -1    0   0   0   0   0   0   0   0   0   0   0   0   0   0   0  44  56   0   0   0  0.41 0.01
    3 R     0   2   0  -1  -3   2   0   4  -1  -4  -3   0  -2  -3  -2   0  -1  -3  -2  -3    0  24   0   0   0  24   0  52   0   0   0   0   0   0   0   0   0   0   0   0  0.51 0.01
    4 E    -1   0   0   2  -4   2   5  -2   0  -4  -3   1  -2  -4  -1   0  -1  -3  -2  -3    0   0   0   0   0   0 100   0   0   0   0   0   0   0   0   0   0   0   0   0  0.78 0.01
    5 K    -1   3   0  -1  -3   1   1  -2  -1  -3  -3   5  -2  -3  -1   0  -1  -3  -2  -3    0  13   0   0   0   0   0   0   0   0   0  87   0   0   0   0   0   0   0   0  0.54 0.01
    6 S     2  -2  -2  -2  -2  -1  -1  -1  -2  -3  -3  -1  -2  -3   7   1   0  -4  -3  -2   24   0   0   0   0   0   0   0   0   0   0   0   0   0  63  13   0   0   0   0  1.15 0.01
    7 Y    -2  -2  -2  -3  -3  -2  -2  -3   2  -2  -1  -2  -1   3  -3  -2  -2   2   7  -1    0   0   0   0   0   0   0   0   0   0   0   0   0   0   0   0   0   0 100   0  0.95 0.02
    8 K    -1   2   0  -1  -3   1   1  -2  -1  -3  -3   5  -2  -3  -1   0  -1  -3  -2  -3    0   0   0   0   0   0   0   0   0   0   0 100   0   0   0   0   0   0   0   0  0.56 0.01
    9 C    -1  -4  -3  -4  10  -3  -4  -3  -3  -1  -2  -3  -2  -3  -3  -1  -1  -3  -3  -1    0   0   0   0 100   0   0   0   0   0   0   0   0   0   0   0   0   0   0   0  1.33 0.02
   10 N    -1   0   4   2  -3   1   2  -1   0  -3  -3   1  -2  -3  -2   0   1  -4  -2  -2    0   0  44  10   0   0  24   0   0   0   0  10   0   0   0   0  11   0   0   0  0.42 0.01
   11 D    -1  -1   0   4  -4   1   4  -2  -1  -3  -3   0  -3  -4  -1   0  -1  -4  -3  -3    0   0   0  37   0   0  63   0   0   0   0   0   0   0   0   0   0   0   0   0  0.69 0.01
   12 C    -1  -4  -3  -4  10  -3  -4  -3  -3  -1  -2  -3  -2  -3  -3  -1  -1  -3  -3  -1    0   0   0   0 100   0   0   0   0   0   0   0   0   0   0   0   0   0   0   0  1.33 0.02
   13 G     0  -3  -1  -1  -3  -2  -2   6  -2  -4  -4  -2  -3  -3  -2   0  -2  -3  -3  -3    0   0   0   0   0   0   0 100   0   0   0   0   0   0   0   0   0   0   0   0  1.07 0.01
   14 K    -1   2   0  -1  -3   1   1  -2  -1  -3  -3   5  -2  -3  -1   0  -1  -3  -2  -3    0   0   0   0   0   0   0   0   0   0   0 100   0   0   0   0   0   0   0   0  0.55 0.01
   15 V     3  -2  -2  -2  -1  -1  -1  -1  -2   1   0  -1   0  -2  -1   0   2  -3  -2   2   49   0   0   0   0   0   0   0   0   0   0   0   0   0   0   0  16   0   0  35  0.21 0.00

                      K         Lambda
Standard Ungapped    0.1314     0.3169
Standard Gapped      0.0410     0.2670
PSI Ungapped         0.1314     0.3169
PSI Gapped           0.0410     0.2670
