
Last position-specific scoring matrix computed, weighted observed percentages rounded down, information per position, and relative weight of gapless real matches to pseudocounts
           A  R  N  D  C  Q  E  G  H  I  L  K  M  F  P  S  T  W  Y  V   A   R   N   D   C   Q   E   G   H   I   L   K   M   F   P   S   T   W   Y   V
    1 Q   -1  1  0  0 -3  6  2 -2  0 -3 -2  1  0 -3 -1  0 -1 -2 -2 -2    0   0   0   0   0 100   0   0   0   0   0   0   0   0   0   0   0   0   0   0  0.66 0.00
    2 R   -2  6  0 -2 -4  1  0 -3  0 -3 -2  2 -2 -3 -2 -1 -1 -3 -2 -3    0 100   0   0   0   0   0   0   0   0   0   0   0   0   0   0   0   0   0   0  0.75 0.00
    3 V   -1 -3 -3 -3 -1 -3 -3 -4 -3  4  1 -3  1 -1 -3 -2  0 -3 -1  4    0   0   0   0   0   0   0   0   0  50   0   0   0   0   0   0   0   0   0  50  0.35 0.00
    4 H   -2  0  1 -1 -3  0  0 -2  8 -4 -3 -1 -2 -1 -2 -1 -2 -3  2 -3    0   0   0   0   0   0   0   0 100   0   0   0   0   0   0   0   0   0   0   0  0.87 0.00
    5 T    0 -1  0 -1 -1 -1 -1 -2 -2 -1 -1 -1 -1 -2 -1  1  5 -3 -2  0    0   0   0   0   0   0   0   0   0   0   0   0   0   0   0   0 100   0   0   0  0.47 0.00
    6 E    0 -1  0  0 -3  1  3  4 -1 -4 -4  0 -3 -3 -2  0 -1 -3 -3 -3    0   0   0   0   0   0  50  50   0   0   0   0   0   0   0   0   0   0   0   0  0.56 0.00
    7 K   -1  1  0  1 -4  2  4 -2  0 -3 -3  4 -2 -3 -1  0 -1 -3 -2 -3    0   0   0   0   0   0  50   0   0   0   0  50   0   0   0   0   0   0   0   0  0.50 0.00
    8 K   -1  2  0 -1 -3  1  1 -2 -1 -3 -3  5 -2 -3 -1  0 -1 -3 -2 -3    0   0   0   0   0   0   0   0   0   0   0 100   0   0   0   0   0   0   0   0  0.52 0.00
    9 T    0 -2 -1 -1 -2 -1 -1 -2 -2 -2 -2 -1 -2 -3  6  1  3 -3 -2 -1    0   0   0   0   0   0   0   0   0   0   0   0   0   0  50   0  50   0   0   0  0.90 0.00
   10 F   -2 -2 -3 -4 -3 -2 -3 -3  1 -1  0 -3 -1  5 -4 -2 -2  2  6 -1    0   0   0   0   0   0   0   0   0   0   0   0   0  50   0   0   0   0  50   0  0.69 0.00
   11 G    0 -3  0 -1 -3 -2 -2  6 -2 -4 -4 -2 -3 -3 -2  0 -2 -3 -3 -3    0   0   0   0   0   0   0 100   0   0   0   0   0   0   0   0   0   0   0   0  1.04 0.00
   12 C    0 -4 -3 -4  9 -3 -4 -3 -3 -1 -1 -3 -2 -3 -3 -1 -1 -3 -3 -1    0   0   0   0 100   0   0   0   0   0   0   0   0   0   0   0   0   0   0   0  1.22 0.00
   13 K   -1  1  4  0 -3  1  0 -1  0 -3 -3  3 -2 -3 -2  0  0 -4 -2 -3    0   0  50   0   0   0   0   0   0   0   0  50   0   0   0   0   0   0   0   0  0.45 0.00
   14 K   -1  1  1  4 -4  1  1 -2 -1 -3 -3  3 -2 -4 -1  0 -1 -4 -3 -3    0   0   0  50   0   0   0   0   0   0   0  50   0   0   0   0   0   0   0   0  0.51 0.00
   15 C    0 -4 -3 -4  9 -3 -4 -3 -3 -1 -1 -3 -2 -3 -3 -1 -1 -3 -3 -1    0   0   0   0 100   0   0   0   0   0   0   0   0   0   0   0   0   0   0   0  1.22 0.00

                      K         Lambda
Standard Ungapped    0.1327     0.3247
Standard Gapped      0.0410     0.2670
PSI Ungapped         0.1327     0.3247
PSI Gapped           0.0410     0.2670
