
Last position-specific scoring matrix computed, weighted observed percentages rounded down, information per position, and relative weight of gapless real matches to pseudocounts
           A  R  N  D  C  Q  E  G  H  I  L  K  M  F  P  S  T  W  Y  V   A   R   N   D   C   Q   E   G   H   I   L   K   M   F   P   S   T   W   Y   V
    1 H   -2 -1  0 -1 -3  0  0 -2  9 -4 -3 -1 -2 -2 -3 -1 -2 -3  1 -4    0   0   0   0   0   0   0   0 100   0   0   0   0   0   0   0   0   0   0   0  1.14 0.05
    2 S    0 -1  1 -1 -1  0  0 -1 -1 -2 -2  1 -1 -3 -1  3  3 -3 -2 -1    0   0   6   0   0   0   0   0   0   0   0  10   0   0   0  41  43   0   0   0  0.36 0.02
    3 G    1  2 -1 -2 -3 -1 -2  5 -2 -3 -3  0 -2 -3 -2  0 -1 -3 -3 -3   11  19   0   0   0   0   0  70   0   0   0   0   0   0   0   0   0   0   0   0  0.68 0.02
    4 E   -1  0 -1  1 -4  2  6 -2  0 -4 -3  1 -2 -4 -1  0 -1 -3 -2 -3    0   0   0   0   0   0 100   0   0   0   0   0   0   0   0   0   0   0   0   0  0.85 0.04
    5 R   -1  2  2  0 -3  1  1 -2 -1 -3 -3  4 -2 -3 -1  0 -1 -3 -2 -3    0   5  11   0   0   0   8   0   0   0   0  75   0   0   0   0   0   0   0   0  0.50 0.03
    6 P   -1 -2 -2 -2 -3 -1 -1 -2 -2 -3 -3 -1 -3 -4  8  0 -1 -4 -3 -3    0   0   0   0   0   0   0   0   0   0   0   0   0   0  90  10   0   0   0   0  1.86 0.04
    7 Y   -2 -2 -2 -3 -3 -2 -2 -3  3 -2 -1 -2 -1  3 -3 -2 -2  2  7 -2    0   0   0   0   0   0   0   0   8   0   0   0   0   0   0   0   0   0  92   0  0.98 0.04
    8 K    0  2  0 -1 -3  1  1  0 -1 -3 -3  4 -2 -3 -1  0 -1 -3 -2 -2    7   0   0   0   0   0   8   7   0   0   0  78   0   0   0   0   0   0   0   0  0.45 0.03
    9 C   -1 -4 -3 -4  9 -3 -4 -3 -3 -2 -2 -3 -2 -3 -3 -1 -1 -3 -3 -1    0   0   0   0 100   0   0   0   0   0   0   0   0   0   0   0   0   0   0   0  1.51 0.05
   10 N   -1  0  4  2 -3  0  0 -1  0 -3 -3  2 -2 -3 -2  1  1 -4 -2 -2    0   0  45  11   0   0   0   0   0   0   0  28   0   0   0   7   9   0   0   0  0.41 0.02
   11 E   -1  0  0  3 -4  1  5 -2  0 -3 -3  1 -2 -4 -1  0 -1 -3 -2 -3    0   0   0  17   0   0  75   0   0   0   0   8   0   0   0   0   0   0   0   0  0.69 0.03
   12 C   -1 -4 -3 -4  9 -3 -4 -3 -3 -2 -2 -3 -2 -3 -3 -1 -1 -3 -3 -1    0   0   0   0 100   0   0   0   0   0   0   0   0   0   0   0   0   0   0   0  1.51 0.05
   13 G    0 -2  0 -1 -3  1 -1  6 -2 -4 -4 -1 -2 -3 -2  0 -2 -3 -3 -3    0   0   0   0   0  14   0  86   0   0   0   0   0   0   0   0   0   0   0   0  0.87 0.01
   14 K   -1  2  0 -1 -3  1  1 -2 -1 -3 -3  5 -2 -3 -1  0 -1 -3 -2 -2    0   0   0   0   0   0   0   0   0   0   0 100   0   0   0   0   0   0   0   0  0.57 0.02
   15 V    2 -2 -2 -2 -1 -2 -2 -1 -2  1  0 -1  0 -2 -2  0  1 -3 -2  3   38   0   0   0   0   0   0   0   0   0   0   0   0   0   0   0  13   0   0  49  0.20 0.01

                      K         Lambda
Standard Ungapped    0.1378     0.3155
Standard Gapped      0.0410     0.2670
PSI Ungapped         0.1378     0.3155
PSI Gapped           0.0410     0.2670
