
Last position-specific scoring matrix computed, weighted observed percentages rounded down, information per position, and relative weight of gapless real matches to pseudocounts
           A  R  N  D  C  Q  E  G  H  I  L  K  M  F  P  S  T  W  Y  V   A   R   N   D   C   Q   E   G   H   I   L   K   M   F   P   S   T   W   Y   V
    1 Q   -1  1  0  0 -3  6  2 -2  0 -3 -2  1 -1 -4 -1  0 -1 -2 -2 -2    0   0   0   0   0 100   0   0   0   0   0   0   0   0   0   0   0   0   0   0  0.69 0.01
    2 K   -1  5  0 -2 -4  1  0 -2  0 -3 -2  3 -2 -3 -2 -1 -1 -3 -2 -3    0  77   0   0   0   0   0   0   0   0   0  23   0   0   0   0   0   0   0   0  0.66 0.01
    3 L   -2 -3 -4 -4 -1 -3 -3 -4 -3  4  2 -3  1  0 -3 -3 -1 -3 -1  2    0   0   0   0   0   0   0   0   0  77  23   0   0   0   0   0   0   0   0   0  0.38 0.01
    4 H   -2  0  1 -1 -3  0  0 -2  8 -4 -3 -1 -2 -1 -2 -1 -2 -3  2 -3    0   0   0   0   0   0   0   0 100   0   0   0   0   0   0   0   0   0   0   0  0.95 0.02
    5 T    0 -1  0 -1 -1 -1 -1 -1 -2 -1 -2 -1 -1 -2 -1  2  5 -3 -2  0    0   0   0   0   0   0   0   0   0   0   0   0   0   0   0  17  83   0   0   0  0.45 0.01
    6 Q    0  3  0 -1 -3  2 -1  4 -1 -4 -3  0 -2 -3 -2  0 -1 -3 -3 -3    0  26   0   0   0  17   0  57   0   0   0   0   0   0   0   0   0   0   0   0  0.54 0.01
    7 E   -1  0  0  2 -4  2  5 -2  0 -4 -3  1 -2 -4 -1  0 -1 -3 -2 -3    0   0   0   0   0   0 100   0   0   0   0   0   0   0   0   0   0   0   0   0  0.77 0.01
    8 K   -1  2  0 -1 -3  1  1 -2 -1 -3 -3  5 -2 -3 -1  0 -1 -3 -2 -3    0   0   0   0   0   0   0   0   0   0   0 100   0   0   0   0   0   0   0   0  0.55 0.01
    9 A    1 -2 -1 -1 -2 -1 -1 -1 -2 -3 -3 -1 -2 -3  6  2  0 -4 -3 -2   17   0   0   0   0   0   0   0   0   0   0   0   0   0  57  26   0   0   0   0  1.02 0.01
   10 Y   -2 -2 -2 -3 -3 -2 -2 -3  2 -2 -1 -2 -1  3 -3 -2 -2  2  7 -1    0   0   0   0   0   0   0   0   0   0   0   0   0   0   0   0   0   0 100   0  0.93 0.01
   11 K   -1  2  0 -1 -3  1  0  1 -1 -3 -3  5 -2 -3 -1  0 -1 -3 -2 -3    0   0   0   0   0   0   0  15   0   0   0  85   0   0   0   0   0   0   0   0  0.45 0.01
   12 C   -1 -4 -3 -4  9 -3 -4 -3 -3 -1 -1 -3 -2 -3 -3 -1 -1 -3 -3 -1    0   0   0   0 100   0   0   0   0   0   0   0   0   0   0   0   0   0   0   0  1.30 0.02
   13 E   -1  0  5  3 -3  1  2 -1  0 -3 -3  1 -2 -3 -2  0  0 -4 -2 -3    0   0  53  17   0   0  17   0   0   0   0  13   0   0   0   0   0   0   0   0  0.50 0.01
   14 D   -2 -1  1  5 -4  1  4 -2 -1 -3 -4  0 -3 -4 -1  0 -1 -4 -3 -3    0   0   0  58   0   0  42   0   0   0   0   0   0   0   0   0   0   0   0   0  0.73 0.01
   15 C   -1 -4 -3 -4  9 -3 -4 -3 -3 -1 -1 -3 -2 -3 -3 -1 -1 -3 -3 -1    0   0   0   0 100   0   0   0   0   0   0   0   0   0   0   0   0   0   0   0  1.30 0.02

                      K         Lambda
Standard Ungapped    0.1263     0.3157
Standard Gapped      0.0410     0.2670
PSI Ungapped         0.1263     0.3157
PSI Gapped           0.0410     0.2670
