
Last position-specific scoring matrix computed, weighted observed percentages rounded down, information per position, and relative weight of gapless real matches to pseudocounts
           A  R  N  D  C  Q  E  G  H  I  L  K  M  F  P  S  T  W  Y  V   A   R   N   D   C   Q   E   G   H   I   L   K   M   F   P   S   T   W   Y   V
    1 F   -2 -3 -3 -3 -2 -3 -3 -3 -1  0  0 -3  0  6 -4 -2 -2  1  3 -1    0   0   0   0   0   0   0   0   0   0   0   0   0 100   0   0   0   0   0   0  0.73 0.00
    2 G    0 -2  0 -1 -2 -2 -2  6 -2 -4 -4 -2 -3 -3 -2  0 -2 -2 -3 -3    0   0   0   0   0   0   0 100   0   0   0   0   0   0   0   0   0   0   0   0  1.04 0.00
    3 A    4 -1 -2 -2  0 -1 -1  0 -2 -1 -1 -1 -1 -2 -1  1  0 -3 -2  0  100   0   0   0   0   0   0   0   0   0   0   0   0   0   0   0   0   0   0   0  0.40 0.00
    4 E   -1  0  0  1 -4  2  5 -2  0 -3 -3  1 -2 -3 -1  0 -1 -3 -2 -2    0   0   0   0   0   0 100   0   0   0   0   0   0   0   0   0   0   0   0   0  0.73 0.00
    5 D   -1 -1  1  4 -3  1  4 -2 -1 -3 -3  0 -2 -3 -1  0 -1 -3 -2 -3    0   0   0  50   0   0  50   0   0   0   0   0   0   0   0   0   0   0   0   0  0.69 0.01
    6 L   -1 -2 -3 -4 -1 -2 -3 -4 -3  2  4 -2  2  0 -3 -2 -1 -2 -1  1    0   0   0   0   0   0   0   0   0   0 100   0   0   0   0   0   0   0   0   0  0.45 0.01
    7 F   -2 -3 -3 -3 -2 -3 -3 -3 -1  0  0 -3  0  6 -4 -2 -2  1  3 -1    0   0   0   0   0   0   0   0   0   0   0   0   0 100   0   0   0   0   0   0  0.73 0.00
    8 K   -1  2  0 -1 -3  1  1 -2 -1 -3 -2  4 -1 -3 -1  0 -1 -3 -2 -2    0   0   0   0   0   0   0   0   0   0   0 100   0   0   0   0   0   0   0   0  0.51 0.00
    9 E   -1  0  0  1 -4  2  5 -2  0 -3 -3  1 -2 -3 -1  0 -1 -3 -2 -2    0   0   0   0   0   0 100   0   0   0   0   0   0   0   0   0   0   0   0   0  0.73 0.00
   10 L   -1 -2 -3 -2 -2 -2 -2 -3 -2  0  2 -2  1 -1  5 -1 -1 -2 -2  0    0   0   0   0   0   0   0   0   0   0  50   0   0   0  50   0   0   0   0   0  0.80 0.01
   11 E   -1  0  0  1 -4  2  5 -2  0 -3 -3  1 -2 -3 -1  0 -1 -3 -2 -2    0   0   0   0   0   0 100   0   0   0   0   0   0   0   0   0   0   0   0   0  0.73 0.00
   12 G    0 -2  0 -1 -2 -2 -2  6 -2 -4 -4 -2 -3 -3 -2  0 -2 -2 -3 -3    0   0   0   0   0   0   0 100   0   0   0   0   0   0   0   0   0   0   0   0  1.04 0.00
   13 E   -1  0  0  1 -4  2  5 -2  0 -3 -3  1 -2 -3 -1  0 -1 -3 -2 -2    0   0   0   0   0   0 100   0   0   0   0   0   0   0   0   0   0   0   0   0  0.73 0.00
   14 E   -1  0  0  1 -4  2  5 -2  0 -3 -3  1 -2 -3 -1  0 -1 -3 -2 -2    0   0   0   0   0   0 100   0   0   0   0   0   0   0   0   0   0   0   0   0  0.73 0.00
   15 S    0  0  0  0 -2  4  1 -1  0 -3 -2  1 -1 -3 -1  3  1 -2 -2 -2    0   0   0   0   0  50   0   0   0   0   0   0   0   0   0  50   0   0   0   0  0.40 0.01

                      K         Lambda
Standard Ungapped    0.1353     0.3047
Standard Gapped      0.0410     0.2670
PSI Ungapped         0.1353     0.3047
PSI Gapped           0.0410     0.2670
