
Last position-specific scoring matrix computed, weighted observed percentages rounded down, information per position, and relative weight of gapless real matches to pseudocounts
            A   R   N   D   C   Q   E   G   H   I   L   K   M   F   P   S   T   W   Y   V   A   R   N   D   C   Q   E   G   H   I   L   K   M   F   P   S   T   W   Y   V
    1 Q    -1   2   0   0  -3   5   2  -2   0  -3  -2   2  -1  -3  -2   0  -1  -2  -2  -2    0  14   0   0   0  67   7   0   0   0   0  12   0   0   0   0   0   0   0   0  0.59 0.03
    2 R    -2   6  -1  -2  -4   1   0  -2   0  -3  -2   3  -2  -3  -2  -1  -1  -3  -2  -3    0  87   0   0   0   0   0   0   0   0   0  13   0   0   0   0   0   0   0   0  0.78 0.03
    3 I    -1  -2  -1  -3  -1  -2  -3  -3  -3   3   3  -2   2   0  -3  -2  -1  -2  -1   2    0   0   6   0   0   0   0   0   0  51  33   0  10   0   0   0   0   0   0   0  0.31 0.02
    4 H    -2  -1   0  -1  -3   0   0  -2   8  -4  -3  -1  -2  -2  -3  -1  -2  -3   1  -4    0   0   0   0   0   0   0   0 100   0   0   0   0   0   0   0   0   0   0   0  1.18 0.07
    5 T     0  -1   1  -1  -1   0  -1  -1  -1  -2  -2   0  -1  -3  -1   3   4  -3  -2  -1    0   0   8   0   0   0   0   0   0   0   0   8   0   0   0  35  49   0   0   0  0.37 0.03
    6 G     1   1  -1  -1  -3   0  -1   5  -2  -4  -3  -1  -2  -3  -2   0  -1  -3  -3  -3    8  10   0   0   0   8   0  74   0   0   0   0   0   0   0   0   0   0   0   0  0.73 0.03
    7 E    -1   0  -1   1  -4   2   6  -2   0  -4  -3   1  -2  -4  -1   0  -1  -3  -2  -3    0   0   0   0   0   0 100   0   0   0   0   0   0   0   0   0   0   0   0   0  0.87 0.05
    8 K    -1   2   1   0  -3   1   1  -2  -1  -3  -3   5  -2  -3  -1   0  -1  -3  -2  -3    0   5   8   0   0   0   8   0   0   0   0  79   0   0   0   0   0   0   0   0  0.53 0.04
    9 P     0  -2  -2  -2  -3  -1  -1  -2  -2  -3  -3  -1  -2  -4   7   0   0  -4  -3  -2    8   0   0   0   0   0   0   0   0   0   0   0   0   0  80   6   5   0   0   0  1.59 0.04
   10 Y    -2  -2  -2  -3  -3  -2  -2  -3   3  -2  -1  -2  -1   3  -3  -2  -2   2   7  -2    0   0   0   0   0   0   0   0   8   0   0   0   0   6   0   0   0   0  85   0  0.94 0.05
   11 K     0   1   0   0  -3   1   3   0  -1  -3  -3   4  -2  -3  -1   0  -1  -3  -2  -2    5   0   0   0   0   0  25   5   0   0   0  65   0   0   0   0   0   0   0   0  0.45 0.03
   12 C    -1  -4  -3  -4   9  -3  -4  -3  -3  -2  -2  -3  -2  -3  -3  -1  -1  -3  -3  -1    0   0   0   0 100   0   0   0   0   0   0   0   0   0   0   0   0   0   0   0  1.55 0.07
   13 K    -1   1   3   2  -3   0   1  -1   2  -3  -3   2  -2  -3  -2   1   0  -3  -2  -3    0   5  32  14   0   0   8   0   8   0   0  18   0   0   0  11   5   0   0   0  0.35 0.02
   14 E    -1  -1   0   3  -4   1   5  -2  -1  -2  -3   1  -2  -3  -2   0  -1  -3  -2  -1    0   0   0  19   0   0  68   0   0   0   0   5   0   0   0   0   0   0   0   8  0.60 0.04
   15 C    -1  -4  -3  -4  10  -3  -4  -3  -4  -2  -2  -4  -2  -3  -3  -1  -1  -3  -3  -1    0   0   0   0 100   0   0   0   0   0   0   0   0   0   0   0   0   0   0   0  1.67 0.08

                      K         Lambda
Standard Ungapped    0.1373     0.3195
Standard Gapped      0.0410     0.2670
PSI Ungapped         0.1373     0.3195
PSI Gapped           0.0410     0.2670
