
Last position-specific scoring matrix computed, weighted observed percentages rounded down, information per position, and relative weight of gapless real matches to pseudocounts
            A   R   N   D   C   Q   E   G   H   I   L   K   M   F   P   S   T   W   Y   V   A   R   N   D   C   Q   E   G   H   I   L   K   M   F   P   S   T   W   Y   V
    1 Q    -1   2   0  -1  -3   5   2  -2   0  -3  -3   2  -1  -3  -2   0  -1  -2  -2  -3    0  14   0   0   0  67   7   0   0   0   0  12   0   0   0   0   0   0   0   0  0.59 0.03
    2 R    -2   6  -1  -2  -4   1   0  -3  -1  -3  -3   3  -2  -3  -2  -1  -1  -3  -2  -3    0  87   0   0   0   0   0   0   0   0   0  13   0   0   0   0   0   0   0   0  0.78 0.03
    3 I    -2  -3  -1  -3  -2  -2  -3  -4  -3   3   3  -2   2   0  -3  -2  -1  -2  -1   2    0   0   6   0   0   0   0   0   0  51  33   0  10   0   0   0   0   0   0   0  0.31 0.02
    4 H    -2  -1   0  -1  -3   0   0  -2   9  -4  -3  -1  -2  -2  -3  -1  -2  -3   2  -4    0   0   0   0   0   0   0   0 100   0   0   0   0   0   0   0   0   0   0   0  1.10 0.05
    5 T     0  -1   1  -1  -1   0  -1  -1  -1  -2  -2   1  -1  -3  -1   2   4  -3  -2  -1    0   0   8   0   0   0   0   0   0   0   0  11   0   0   0  30  51   0   0   0  0.35 0.02
    6 G     0   1  -1  -1  -3   0  -1   5  -2  -4  -4  -1  -2  -3  -2   0  -2  -3  -3  -3    0  11   0   0   0   9   0  80   0   0   0   0   0   0   0   0   0   0   0   0  0.79 0.02
    7 E    -1   0   0   1  -4   2   6  -2   0  -4  -3   1  -2  -4  -1   0  -1  -3  -2  -3    0   0   0   0   0   0 100   0   0   0   0   0   0   0   0   0   0   0   0   0  0.83 0.04
    8 K    -1   2   0  -1  -3   1   2  -2  -1  -3  -3   5  -2  -3  -1   0  -1  -3  -2  -3    0   6   0   0   0   0  11   0   0   0   0  83   0   0   0   0   0   0   0   0  0.55 0.03
    9 P     0  -2  -2  -2  -2  -1  -1  -2  -2  -3  -3  -1  -2  -4   7   0   0  -4  -3  -2    9   0   0   0   0   0   0   0   0   0   0   0   0   0  79   7   6   0   0   0  1.53 0.03
   10 Y    -2  -2  -2  -3  -3  -2  -2  -3   3  -2  -1  -2  -1   3  -3  -2  -2   2   7  -2    0   0   0   0   0   0   0   0   8   0   0   0   0   6   0   0   0   0  85   0  0.89 0.04
   11 K     0   1   0   0  -3   1   3   0  -1  -3  -3   4  -2  -3  -1   0  -1  -3  -2  -2    5   0   0   0   0   0  26   5   0   0   0  64   0   0   0   0   0   0   0   0  0.43 0.02
   12 C    -1  -4  -3  -4  10  -3  -4  -3  -3  -2  -2  -3  -2  -3  -3  -1  -1  -3  -3  -1    0   0   0   0 100   0   0   0   0   0   0   0   0   0   0   0   0   0   0   0  1.47 0.05
   13 N    -1   1   4   2  -3   0   1  -1   2  -3  -3   1  -2  -3  -2   1   0  -4  -2  -3    0   5  37  13   0   0   9   0   8   0   0  14   0   0   0  11   5   0   0   0  0.37 0.02
   14 E    -1   0   0   3  -4   1   4  -2  -1  -2  -3   1  -2  -3  -2   0  -1  -3  -2  -1    0   0   0  20   0   0  60   0   0   0   0  12   0   0   0   0   0   0   0   8  0.54 0.04
   15 C    -1  -4  -3  -4  10  -4  -4  -3  -4  -2  -2  -4  -2  -3  -3  -1  -1  -3  -3  -1    0   0   0   0 100   0   0   0   0   0   0   0   0   0   0   0   0   0   0   0  1.67 0.08

                      K         Lambda
Standard Ungapped    0.1367     0.3186
Standard Gapped      0.0410     0.2670
PSI Ungapped         0.1367     0.3186
PSI Gapped           0.0410     0.2670
