
Last position-specific scoring matrix computed, weighted observed percentages rounded down, information per position, and relative weight of gapless real matches to pseudocounts
           A  R  N  D  C  Q  E  G  H  I  L  K  M  F  P  S  T  W  Y  V   A   R   N   D   C   Q   E   G   H   I   L   K   M   F   P   S   T   W   Y   V
    1 H   -2  0  0 -1 -3  0  0 -2  8 -4 -3 -1 -2 -1 -2 -1 -2 -3  2 -3    0   0   0   0   0   0   0   0 100   0   0   0   0   0   0   0   0   0   0   0  0.97 0.02
    2 T    1 -1  0 -1 -1  0 -1 -1 -1 -2 -2  0 -1 -2 -1  3  4 -3 -2 -1    0   0   0   0   0   0   0   0   0   0   0   0   0   0   0  54  46   0   0   0  0.41 0.01
    3 G    1  0 -1 -2 -2 -1 -2  5 -2 -4 -3 -1 -2 -3 -2  0 -1 -3 -3 -3   11  10   0   0   0   0   0  79   0   0   0   0   0   0   0   0   0   0   0   0  0.76 0.01
    4 E   -1  0  0  1 -4  2  5 -2  0 -3 -3  1 -2 -3 -1  0 -1 -3 -2 -3    0   0   0   0   0   0 100   0   0   0   0   0   0   0   0   0   0   0   0   0  0.79 0.02
    5 K   -1  3  2 -1 -3  1  1 -2 -1 -3 -3  5 -2 -3 -1  0 -1 -3 -2 -3    0   8  11   0   0   0   0   0   0   0   0  80   0   0   0   0   0   0   0   0  0.49 0.01
    6 P   -1 -2 -2 -2 -3 -1 -1 -2 -2 -3 -3 -1 -3 -4  8 -1 -1 -4 -3 -3    0   0   0   0   0   0   0   0   0   0   0   0   0   0 100   0   0   0   0   0  2.09 0.02
    7 H   -2 -2 -2 -3 -3 -1 -2 -3  3 -2 -1 -2 -1  3 -3 -2 -2  2  7 -2    0   0   0   0   0   0   0   0  10   0   0   0   0   0   0   0   0   0  90   0  0.87 0.02
    8 K    0  2  0 -1 -3  1  1 -1 -1 -3 -3  5 -1 -3 -1  0 -1 -3 -2 -2   12   0   0   0   0   0   0   0   0   0   0  88   0   0   0   0   0   0   0   0  0.47 0.01
    9 C   -1 -4 -3 -4  9 -3 -4 -3 -3 -1 -2 -3 -2 -3 -3 -1 -1 -3 -3 -1    0   0   0   0 100   0   0   0   0   0   0   0   0   0   0   0   0   0   0   0  1.36 0.02
   10 K   -1  1  3  2 -3  0  0 -1  0 -3 -3  3 -2 -3 -1  1  1 -3 -2 -2    0   0  30  12   0   0   0   0   0   0   0  37   0   0   0  12  10   0   0   0  0.34 0.01
   11 E   -1  0  0  1 -4  2  5 -2  0 -3 -3  1 -2 -3 -1  0 -1 -3 -2 -3    0   0   0   0   0   0 100   0   0   0   0   0   0   0   0   0   0   0   0   0  0.79 0.02
   12 C   -1 -4 -3 -4  9 -3 -4 -3 -3 -1 -2 -3 -2 -3 -3 -1 -1 -3 -3 -1    0   0   0   0 100   0   0   0   0   0   0   0   0   0   0   0   0   0   0   0  1.36 0.02
   13 G    0 -2  0 -1 -3 -2 -2  6 -2 -4 -4 -2 -3 -3 -2  0 -2 -3 -3 -3    0   0   0   0   0   0   0 100   0   0   0   0   0   0   0   0   0   0   0   0  1.06 0.01
   14 K   -1  2  0 -1 -3  1  1 -2 -1 -3 -3  5 -1 -3 -1  0 -1 -3 -2 -2    0   0   0   0   0   0   0   0   0   0   0 100   0   0   0   0   0   0   0   0  0.54 0.01
   15 G    3 -2 -1 -2 -1 -1 -2  4 -2 -3 -3 -1 -2 -3 -2  0 -1 -3 -3 -2   43   0   0   0   0   0   0  57   0   0   0   0   0   0   0   0   0   0   0   0  0.56 0.00

                      K         Lambda
Standard Ungapped    0.1378     0.3120
Standard Gapped      0.0410     0.2670
PSI Ungapped         0.1378     0.3120
PSI Gapped           0.0410     0.2670
