
Last position-specific scoring matrix computed, weighted observed percentages rounded down, information per position, and relative weight of gapless real matches to pseudocounts
           A  R  N  D  C  Q  E  G  H  I  L  K  M  F  P  S  T  W  Y  V   A   R   N   D   C   Q   E   G   H   I   L   K   M   F   P   S   T   W   Y   V
    1 H   -2  0  1 -1 -3  0  0 -2  8 -3 -3 -1 -2 -1 -2 -1 -2 -2  2 -3    0   0   0   0   0   0   0   0 100   0   0   0   0   0   0   0   0   0   0   0  0.93 0.01
    2 S    1 -1  0 -1 -1  0  0 -1 -1 -2 -2  0 -1 -2 -1  3  3 -3 -2 -1    0   0   0   0   0   0   0   0   0   0   0   0   0   0   0  59  41   0   0   0  0.40 0.01
    3 A    1  1 -1 -1 -2 -1 -2  5 -2 -3 -3 -1 -2 -3 -2  0 -1 -3 -3 -3   14  13   0   0   0   0   0  73   0   0   0   0   0   0   0   0   0   0   0   0  0.69 0.01
    4 E   -1  0  0  1 -4  2  5 -2  0 -3 -3  1 -2 -3 -1  0 -1 -3 -2 -3    0   0   0   0   0   0 100   0   0   0   0   0   0   0   0   0   0   0   0   0  0.77 0.01
    5 N   -1  3  2  0 -3  1  1 -1 -1 -3 -3  4 -2 -3 -1  0 -1 -3 -2 -2    0  11  14   0   0   0   0   0   0   0   0  75   0   0   0   0   0   0   0   0  0.46 0.01
    6 P   -1 -2 -2 -2 -3 -1 -1 -2 -2 -3 -3 -1 -3 -4  8 -1 -1 -4 -3 -2    0   0   0   0   0   0   0   0   0   0   0   0   0   0 100   0   0   0   0   0  2.07 0.01
    7 Y   -2 -2 -2 -3 -3 -1 -2 -3  3 -2 -1 -2 -1  3 -3 -2 -2  2  7 -1    0   0   0   0   0   0   0   0  12   0   0   0   0   0   0   0   0   0  88   0  0.81 0.01
    8 K   -1  2  0 -1 -3  1  1 -2 -1 -3 -3  5 -1 -3 -1  0 -1 -3 -2 -2    0   0   0   0   0   0   0   0   0   0   0 100   0   0   0   0   0   0   0   0  0.55 0.01
    9 C   -1 -4 -3 -4  9 -3 -4 -3 -3 -1 -1 -3 -2 -3 -3 -1 -1 -2 -3 -1    0   0   0   0 100   0   0   0   0   0   0   0   0   0   0   0   0   0   0   0  1.30 0.02
   10 K   -1  1  3  1 -3  1  0 -1  0 -3 -3  3 -2 -3 -1  0  1 -3 -2 -2    0   0  28  10   0   0   0   0   0   0   0  50   0   0   0   0  13   0   0   0  0.35 0.00
   11 E   -1  0  0  1 -4  2  5 -2  0 -3 -3  1 -2 -3 -1  0 -1 -3 -2 -3    0   0   0   0   0   0 100   0   0   0   0   0   0   0   0   0   0   0   0   0  0.77 0.01
   12 C   -1 -4 -3 -4  9 -3 -4 -3 -3 -1 -1 -3 -2 -3 -3 -1 -1 -2 -3 -1    0   0   0   0 100   0   0   0   0   0   0   0   0   0   0   0   0   0   0   0  1.30 0.02
   13 G    0 -2  0 -1 -3 -2 -2  6 -2 -4 -4 -2 -3 -3 -2  0 -2 -3 -3 -3    0   0   0   0   0   0   0 100   0   0   0   0   0   0   0   0   0   0   0   0  1.06 0.01
   14 K   -1  2  0 -1 -3  1  1 -2 -1 -3 -3  5 -1 -3 -1  0 -1 -3 -2 -2    0   0   0   0   0   0   0   0   0   0   0 100   0   0   0   0   0   0   0   0  0.54 0.01
   15 V    2 -2 -2 -2 -1 -1 -1 -1 -2  1  0 -1  0 -2 -1  0  2 -3 -2  2   38   0   0   0   0   0   0   0   0   0   0   0   0   0   0   0  20   0   0  41  0.19 0.00

                      K         Lambda
Standard Ungapped    0.1297     0.3121
Standard Gapped      0.0410     0.2670
PSI Ungapped         0.1297     0.3121
PSI Gapped           0.0410     0.2670
